[gd_resource type="Skin" format=3 uid="uid://b2cbhytxrxcvb"]

[resource]
resource_name = "Skin"
bind_count = 222
bind/0/name = &"root"
bind/0/bone = -1
bind/0/pose = Transform3D(1, 0, 0, 0, 0, -1, 0, 1, 0, 0, 0, 0)
bind/1/name = &"DEF-spine"
bind/1/bone = -1
bind/1/pose = Transform3D(1, 5.2091746e-08, -2.3265827e-07, -1.0658142e-14, 0.97583956, 0.21848859, 2.384186e-07, -0.21848863, 0.97583956, -5.7881675e-08, -0.8996733, 0.24365775)
bind/2/name = &"DEF-spine.001"
bind/2/bone = -1
bind/2/pose = Transform3D(1, 4.3689838e-08, -2.3438135e-07, -1.0658141e-14, 0.9830666, 0.18324842, 2.3841858e-07, -0.18324846, 0.9830666, -4.9160576e-08, -1.0207174, 0.20707878)
bind/3/name = &"DEF-spine.002"
bind/3/bone = -1
bind/3/pose = Transform3D(1, -7.5847195e-09, -2.3829797e-07, -1.4210856e-14, 0.9994939, -0.031812657, 2.3841866e-07, 0.031812612, 0.9994939, 8.676733e-09, -1.1274623, -0.035508458)
bind/4/name = &"DEF-spine.003"
bind/4/bone = -1
bind/4/pose = Transform3D(1, -4.79068e-08, -2.3355587e-07, -1.776357e-14, 0.9796044, -0.20093577, 2.3841855e-07, 0.20093572, 0.9796045, 5.994802e-08, -1.2460321, -0.25055587)
bind/5/name = &"DEF-spine.004"
bind/5/bone = -1
bind/5/pose = Transform3D(1, 9.1680295e-07, -2.62607e-07, 8.526513e-14, 0.27536392, 0.96134007, 9.5367193e-07, -0.96134, 0.27536407, -1.3072782e-06, -0.35659483, 1.3710052)
bind/6/name = &"DEF-spine.005"
bind/6/bone = -1
bind/6/pose = Transform3D(1, 6.497909e-08, -2.2939273e-07, 0, 0.9621437, 0.27254182, 2.384185e-07, -0.27254212, 0.9621439, -9.234631e-08, -1.372443, 0.388213)
bind/7/name = &"DEF-spine.006"
bind/7/bone = -1
bind/7/pose = Transform3D(1, 0, 1.4210855e-14, 1.4210797e-14, 0.9999999, -3.2782552e-07, 1.7053026e-13, 0, 1, 2.1085673e-10, -1.4609294, -0.010343376)
bind/8/name = &"VIS_upper_arm_ik_pole.L"
bind/8/bone = -1
bind/8/pose = Transform3D(-0.8666179, 0, -0.49897224, 0, 1, 0, 0.49897224, 0, -0.8666179, 0.35685503, -1.2114012, -0.24314545)
bind/9/name = &"VIS_upper_arm_ik_pole.R"
bind/9/bone = -1
bind/9/pose = Transform3D(-0.8666179, 0, 0.49897224, 0, 1, 0, -0.49897224, 0, -0.8666179, -0.35685503, -1.2114012, -0.24314545)
bind/10/name = &"VIS_thigh_ik_pole.L"
bind/10/bone = -1
bind/10/pose = Transform3D(0.93219686, 0, 0.36195168, 0, 1, 0, -0.36195168, 0, 0.93219686, -0.1332343, -0.45878577, 0.066476464)
bind/11/name = &"VIS_thigh_ik_pole.R"
bind/11/bone = -1
bind/11/pose = Transform3D(0.93219686, 0, -0.36195168, 0, 1, 0, 0.36195168, 0, 0.93219686, 0.1332343, -0.45878577, 0.066476464)
bind/12/name = &"MCH-torso.parent"
bind/12/bone = -1
bind/12/pose = Transform3D(1, 0, 0, 0, 0, -1.0000001, 0, 1, 0, 2.1085544e-10, -0.028864928, -0.98627657)
bind/13/name = &"torso"
bind/13/bone = -1
bind/13/pose = Transform3D(1, 0, 0, 0, 0, -1.0000001, 0, 1, 0, 2.1085544e-10, -0.028864913, -0.98627657)
bind/14/name = &"hips"
bind/14/bone = -1
bind/14/pose = Transform3D(1, 0, 0, 0, 0, -1.0000001, 0, 1, 0, 2.1085544e-10, -0.00037705156, -1.1280211)
bind/15/name = &"chest"
bind/15/bone = -1
bind/15/pose = Transform3D(1, 0, 0, 0, 0, -1.0000001, 0, 1, 0, 2.1085544e-10, -0.00037705156, -1.1280211)
bind/16/name = &"MCH-spine.001"
bind/16/bone = -1
bind/16/pose = Transform3D(1, 0, 0, 0, 0, -1.0000001, 0, 1, 0, 2.1085544e-10, -0.00037705156, -1.1280211)
bind/17/name = &"spine_fk.001"
bind/17/bone = -1
bind/17/pose = Transform3D(1, 4.3689845e-08, -2.3438136e-07, 7.105428e-15, 0.9830666, 0.18324853, 2.3841858e-07, -0.18324849, 0.9830667, -4.9160587e-08, -1.1088508, 0.20707883)
bind/18/name = &"MCH-spine"
bind/18/bone = -1
bind/18/pose = Transform3D(1, 7.105428e-15, -7.41154e-22, -2.8421713e-14, -4.470349e-08, -1.0000001, -2.4869e-14, 1.0000001, -1.0430815e-07, 2.1084805e-10, -0.01652733, -1.0413802)
bind/19/name = &"spine_fk"
bind/19/bone = -1
bind/19/pose = Transform3D(1, 5.2091654e-08, -2.3265835e-07, -1.7763572e-14, 0.9758397, 0.21848814, 2.3841866e-07, -0.2184882, 0.97583973, -5.7881582e-08, -1.0126089, 0.24365732)
bind/20/name = &"tweak_spine"
bind/20/bone = -1
bind/20/pose = Transform3D(1, 5.2091657e-08, -2.326583e-07, 3.552714e-15, 0.9758396, 0.21848826, 2.384186e-07, -0.21848832, 0.9758397, -5.7881586e-08, -0.89967334, 0.24365744)
bind/21/name = &"ORG-spine"
bind/21/bone = -1
bind/21/pose = Transform3D(1, 5.2091647e-08, -2.326583e-07, -1.0658144e-14, 0.97583973, 0.2184882, 2.384186e-07, -0.21848825, 0.97583973, -5.7881582e-08, -0.89967346, 0.2436574)
bind/22/name = &"ORG-pelvis.L"
bind/22/bone = -1
bind/22/pose = Transform3D(-0.40723976, -0.26260167, 0.874755, 0.70251596, 0.52197385, 0.483751, -0.5836328, 0.81153196, -0.028086714, 0.2711504, -0.46269011, -0.7419251)
bind/23/name = &"DEF-pelvis.L"
bind/23/bone = -1
bind/23/pose = Transform3D(-0.40723988, -0.26260135, 0.874755, 0.702516, 0.5219737, 0.4837509, -0.5836326, 0.81153214, -0.028086893, 0.27115017, -0.4626901, -0.74192536)
bind/24/name = &"ORG-pelvis.R"
bind/24/bone = -1
bind/24/pose = Transform3D(-0.4072398, 0.26260167, -0.87475497, -0.70251584, 0.5219737, 0.48375088, 0.5836328, 0.8115319, -0.028086634, -0.2711504, -0.46269003, -0.74192506)
bind/25/name = &"DEF-pelvis.R"
bind/25/bone = -1
bind/25/pose = Transform3D(-0.40723985, 0.26260132, -0.874755, -0.7025159, 0.5219736, 0.48375076, 0.58363265, 0.81153196, -0.028086826, -0.2711501, -0.46269003, -0.7419251)
bind/26/name = &"ORG-thigh.L"
bind/26/bone = -1
bind/26/pose = Transform3D(0.9597227, 0.1501458, -0.2374644, 0.18210794, -0.9760707, 0.11884095, -0.21393761, -0.15729791, -0.96410084, -0.21443895, 0.8239696, 0.090633474)
bind/27/name = &"ORG-shin.L"
bind/27/bone = -1
bind/27/pose = Transform3D(0.95972264, 0.15014575, -0.2374647, 0.12815185, -0.9861189, -0.105579205, -0.25001967, 0.07089549, -0.9656431, -0.2144389, 0.4319661, -0.008730017)
bind/28/name = &"ORG-foot.L"
bind/28/bone = -1
bind/28/pose = Transform3D(0.9999802, -0.00011651989, 0.0062952815, -0.006280588, -0.09051824, 0.99587655, 0.0004538284, -0.99589497, -0.09051688, -0.2029169, 0.063314036, 0.02970925)
bind/29/name = &"ORG-toe.L"
bind/29/bone = -1
bind/29/pose = Transform3D(-0.9896821, -0.005229478, -0.14318532, -0.14328106, 0.03753149, 0.9889715, 0.00020220209, 0.999282, -0.037893977, 0.23585607, -0.22409752, 0.002946027)
bind/30/name = &"ORG-heel.02.L"
bind/30/bone = -1
bind/30/pose = Transform3D(-0.017982474, 0.99983567, -0.0023745368, 0.9912339, 0.018138478, 0.1308686, 0.13089056, 4.633338e-08, -0.99139833, -0.020755365, -0.12547623, -0.16153704)
bind/31/name = &"MCH-foot_tweak.L"
bind/31/bone = -1
bind/31/pose = Transform3D(0.9999802, -0.00011447635, 0.0062952465, -0.006280368, -0.09051829, 0.9958765, 0.00045586057, -0.9958949, -0.09051691, -0.202917, 0.06331399, 0.029708784)
bind/32/name = &"foot_tweak.L"
bind/32/bone = -1
bind/32/pose = Transform3D(0.9999802, -0.00011858938, 0.0062950626, -0.0062805577, -0.090518236, 0.99587655, 0.00045174753, -0.99589497, -0.09051687, -0.20291686, 0.06331405, 0.029709624)
bind/33/name = &"MCH-shin_tweak.L"
bind/33/bone = -1
bind/33/pose = Transform3D(0.95972264, 0.15014575, -0.23746471, 0.12815183, -0.9861189, -0.10557927, -0.2500197, 0.07089555, -0.96564305, -0.21443892, 0.43196607, -0.00873005)
bind/34/name = &"shin_tweak.L"
bind/34/bone = -1
bind/34/pose = Transform3D(0.95972264, 0.15014574, -0.23746467, 0.12815185, -0.9861189, -0.10557917, -0.25001964, 0.07089546, -0.96564305, -0.21443892, 0.43196604, -0.00873002)
bind/35/name = &"MCH-shin_tweak.L.001"
bind/35/bone = -1
bind/35/pose = Transform3D(0.97182083, 0.14609931, -0.18498562, 0.12815186, -0.9861189, -0.10557924, -0.19784191, 0.07889812, -0.9770549, -0.21365488, 0.2172398, -0.020294331)
bind/36/name = &"shin_tweak.L.001"
bind/36/bone = -1
bind/36/pose = Transform3D(0.9597225, 0.15014574, -0.23746474, 0.12815185, -0.98611885, -0.1055792, -0.25001973, 0.07089546, -0.96564305, -0.2144389, 0.21723983, -0.008730002)
bind/37/name = &"MCH-thigh_parent_widget.L"
bind/37/bone = -1
bind/37/pose = Transform3D(0.9597227, 0.1501458, -0.23746437, 0.18210793, -0.97607076, 0.118840836, -0.21393761, -0.1572978, -0.9641009, -0.21443896, 0.8239697, 0.09063339)
bind/38/name = &"MCH-thigh_tweak.L.001"
bind/38/bone = -1
bind/38/pose = Transform3D(0.95972264, 0.15014575, -0.23746444, 0.1821079, -0.9760707, 0.118840955, -0.21393767, -0.15729791, -0.9641008, -0.21443892, 0.62320536, 0.09063348)
bind/39/name = &"thigh_tweak.L.001"
bind/39/bone = -1
bind/39/pose = Transform3D(0.9597227, 0.15014575, -0.23746438, 0.1821079, -0.9760707, 0.11884095, -0.21393758, -0.15729788, -0.96410084, -0.21443892, 0.6232054, 0.09063346)
bind/40/name = &"ORG-thigh.R"
bind/40/bone = -1
bind/40/pose = Transform3D(0.959722, -0.15014572, 0.23746417, -0.18210825, -0.9760706, 0.11883971, 0.21393967, -0.1572979, -0.9640979, 0.21443881, 0.8239693, 0.09063381)
bind/41/name = &"ORG-shin.R"
bind/41/bone = -1
bind/41/pose = Transform3D(0.95972186, -0.15014564, 0.23746452, -0.1281518, -0.98611885, -0.10557914, 0.25002173, 0.07089488, -0.9656399, 0.21443878, 0.431966, -0.008729372)
bind/42/name = &"ORG-foot.R"
bind/42/bone = -1
bind/42/pose = Transform3D(0.9999801, 0.00011649088, -0.0062952326, 0.006279082, -0.0905176, 0.99587333, -0.00045386536, -0.9958949, -0.090516865, 0.20291689, 0.06331351, 0.029709212)
bind/43/name = &"ORG-toe.R"
bind/43/bone = -1
bind/43/pose = Transform3D(-0.9896821, 0.0052298494, 0.14318535, 0.14328, 0.037532516, 0.9889683, -0.00020179908, 0.9992818, -0.037894044, -0.23585613, -0.22409695, 0.0029461526)
bind/44/name = &"ORG-heel.02.R"
bind/44/bone = -1
bind/44/pose = Transform3D(0.017982641, 0.9998355, -0.002373748, -0.99123347, 0.018138481, 0.13086902, 0.13088994, 5.2852442e-08, 0.9913951, -0.020755198, -0.12547615, 0.16153648)
bind/45/name = &"MCH-foot_tweak.R"
bind/45/bone = -1
bind/45/pose = Transform3D(0.9999801, 0.000114476585, -0.0062952484, 0.006278915, -0.090517655, 0.99587333, -0.0004558731, -0.9958949, -0.090516895, 0.202917, 0.06331345, 0.02970879)
bind/46/name = &"foot_tweak.R"
bind/46/bone = -1
bind/46/pose = Transform3D(0.9999801, 0.00011858927, -0.0062950617, 0.0062791016, -0.09051761, 0.99587333, -0.00045176016, -0.9958949, -0.09051688, 0.20291685, 0.0633135, 0.029709626)
bind/47/name = &"MCH-shin_tweak.R"
bind/47/bone = -1
bind/47/pose = Transform3D(0.95972186, -0.1501457, 0.23746446, -0.12815186, -0.9861188, -0.10557912, 0.25002167, 0.07089485, -0.9656399, 0.2144388, 0.43196607, -0.008729376)
bind/48/name = &"shin_tweak.R"
bind/48/bone = -1
bind/48/pose = Transform3D(0.95972186, -0.15014564, 0.23746447, -0.1281518, -0.9861188, -0.10557911, 0.25002167, 0.07089485, -0.9656399, 0.21443877, 0.43196607, -0.008729376)
bind/49/name = &"MCH-shin_tweak.R.001"
bind/49/bone = -1
bind/49/pose = Transform3D(0.97182024, -0.14609925, 0.18498562, -0.12815185, -0.98611873, -0.105579145, 0.197844, 0.07889747, -0.9770516, 0.21365474, 0.21723981, -0.020293674)
bind/50/name = &"shin_tweak.R.001"
bind/50/bone = -1
bind/50/pose = Transform3D(0.95972186, -0.1501456, 0.23746444, -0.1281518, -0.9861188, -0.10557914, 0.25002167, 0.07089489, -0.9656398, 0.21443874, 0.21723984, -0.008729398)
bind/51/name = &"MCH-thigh_parent_widget.R"
bind/51/bone = -1
bind/51/pose = Transform3D(0.959722, -0.15014562, 0.23746417, -0.18210815, -0.9760706, 0.11883973, 0.21393968, -0.1572979, -0.96409786, 0.21443874, 0.82396924, 0.0906338)
bind/52/name = &"MCH-thigh_tweak.R.001"
bind/52/bone = -1
bind/52/pose = Transform3D(0.959722, -0.15014564, 0.23746431, -0.18210816, -0.9760705, 0.11883976, 0.2139398, -0.15729794, -0.9640978, 0.21443877, 0.6232051, 0.09063385)
bind/53/name = &"thigh_tweak.R.001"
bind/53/bone = -1
bind/53/pose = Transform3D(0.959722, -0.15014564, 0.23746419, -0.18210815, -0.97607046, 0.11883975, 0.2139397, -0.15729791, -0.9640978, 0.21443878, 0.6232051, 0.090633824)
bind/54/name = &"thigh_parent.L"
bind/54/bone = -1
bind/54/pose = Transform3D(0.962364, 0.20172305, 0.18210796, 0.18210788, -0.9760706, 0.118840516, 0.20172329, -0.08120432, -0.97607076, -0.2327265, 0.8239695, -0.0060683764)
bind/55/name = &"MCH-thigh_parent.L"
bind/55/bone = -1
bind/55/pose = Transform3D(1, -3.3077304e-14, 6.423044e-08, 6.4230385e-08, 2.3841866e-07, -1.0000002, -5.4523538e-14, 1.0000002, 7.4505834e-08, -0.07514032, -0.061462767, -0.85070586)
bind/56/name = &"thigh_fk.L"
bind/56/bone = -1
bind/56/pose = Transform3D(0.95972234, 0.15014574, -0.2374644, 0.18210806, -0.9760708, 0.11884054, -0.2139386, -0.15729795, -0.96409965, -0.21443887, 0.8239696, 0.09063366)
bind/57/name = &"shin_fk.L"
bind/57/bone = -1
bind/57/pose = Transform3D(0.95972234, 0.15014566, -0.23746465, 0.12815177, -0.986119, -0.10557905, -0.25002056, 0.07089522, -0.9656418, -0.21443883, 0.4319662, -0.008729741)
bind/58/name = &"MCH-foot_fk.L"
bind/58/bone = -1
bind/58/pose = Transform3D(0.99998015, -0.00011645147, 0.0062952787, -0.0062799184, -0.09051815, 0.99587524, 0.00045385433, -0.995895, -0.09051689, -0.20291686, 0.063313805, 0.029709278)
bind/59/name = &"foot_fk.L"
bind/59/bone = -1
bind/59/pose = Transform3D(0.99998015, -0.00011860425, 0.0062950617, -0.006279897, -0.09051814, 0.99587524, 0.00045169066, -0.995895, -0.09051689, -0.20291679, 0.063313805, 0.02970972)
bind/60/name = &"MCH-toe_fk.L"
bind/60/bone = -1
bind/60/pose = Transform3D(-0.9896821, -0.0052293087, -0.14318532, -0.14328048, 0.037531737, 0.9889699, 0.00020236758, 0.99928206, -0.037893996, 0.23585609, -0.22409728, 0.0029459626)
bind/61/name = &"toe_fk.L"
bind/61/bone = -1
bind/61/pose = Transform3D(-0.9896821, -0.0052294526, -0.14318533, -0.14328054, 0.037531715, 0.98897, 0.00020222276, 0.99928206, -0.037893992, 0.2358561, -0.22409728, 0.0029459898)
bind/62/name = &"MCH-thigh_ik_swing.L"
bind/62/bone = -1
bind/62/pose = Transform3D(0.95218736, 0.14887597, -0.26678696, 0.15526153, -0.9878693, 0.0028793265, -0.26312193, -0.04416326, -0.9637515, -0.21459472, 0.82889664, -0.0018936143)
bind/63/name = &"thigh_ik.L"
bind/63/bone = -1
bind/63/pose = Transform3D(0.95972234, 0.15014575, -0.2374643, 0.18210801, -0.9760706, 0.11884055, -0.21393846, -0.15729791, -0.9640996, -0.21443887, 0.8239694, 0.09063363)
bind/64/name = &"MCH-shin_ik.L"
bind/64/bone = -1
bind/64/pose = Transform3D(0.95972234, 0.15014566, -0.23746465, 0.12815174, -0.98611885, -0.105579026, -0.25002056, 0.0708952, -0.9656418, -0.21443883, 0.43196604, -0.008729721)
bind/65/name = &"MCH-thigh_tweak.L"
bind/65/bone = -1
bind/65/pose = Transform3D(0.9597228, 0.1501457, -0.23746455, 0.18210775, -0.97607064, 0.11884113, -0.21393736, -0.15729792, -0.96410143, -0.21443889, 0.82396954, 0.090633444)
bind/66/name = &"thigh_tweak.L"
bind/66/bone = -1
bind/66/pose = Transform3D(0.95972276, 0.15014575, -0.23746437, 0.18210778, -0.9760706, 0.1188411, -0.21393718, -0.15729788, -0.9641014, -0.21443892, 0.8239695, 0.09063339)
bind/67/name = &"DEF-thigh.L"
bind/67/bone = -1
bind/67/pose = Transform3D(0.9597223, 0.1501457, -0.23746417, 0.18210806, -0.9760705, 0.11884025, -0.21393867, -0.15729788, -0.9640991, -0.21443883, 0.82396936, 0.090633646)
bind/68/name = &"DEF-thigh.L.001"
bind/68/bone = -1
bind/68/pose = Transform3D(0.9597223, 0.15014574, -0.23746425, 0.18210812, -0.9760705, 0.11884025, -0.21393871, -0.15729791, -0.9640991, -0.21443886, 0.6232051, 0.09063365)
bind/69/name = &"DEF-shin.L"
bind/69/bone = -1
bind/69/pose = Transform3D(0.95972216, 0.15014566, -0.23746459, 0.1281518, -0.98611873, -0.105579175, -0.25002077, 0.07089513, -0.96564126, -0.21443881, 0.431966, -0.008729656)
bind/70/name = &"DEF-shin.L.001"
bind/70/bone = -1
bind/70/pose = Transform3D(0.95972216, 0.15014568, -0.23746456, 0.12815183, -0.98611873, -0.10557919, -0.25002074, 0.07089515, -0.96564126, -0.2144388, 0.21723977, -0.00872966)
bind/71/name = &"DEF-foot.L"
bind/71/bone = -1
bind/71/pose = Transform3D(0.9999801, -0.0001177456, 0.006295218, -0.006279773, -0.09051783, 0.9958749, 0.00045262458, -0.9958949, -0.09051672, -0.20291682, 0.063313745, 0.029709445)
bind/72/name = &"DEF-toe.L"
bind/72/bone = -1
bind/72/pose = Transform3D(-0.989682, -0.005229493, -0.14318533, -0.14328043, 0.037531957, 0.9889699, 0.00020212629, 0.9992819, -0.03789402, 0.23585607, -0.22409728, 0.0029460618)
bind/73/name = &"thigh_parent.R"
bind/73/bone = -1
bind/73/pose = Transform3D(0.9623641, -0.20172302, -0.18210797, -0.18210794, -0.9760705, 0.11884041, -0.20172308, -0.08120437, -0.9760707, 0.23272648, 0.8239694, -0.0060683093)
bind/74/name = &"MCH-thigh_parent.R"
bind/74/bone = -1
bind/74/pose = Transform3D(1, -3.3077304e-14, 6.423044e-08, 6.4230385e-08, 2.3841866e-07, -1.0000002, -5.4523538e-14, 1.0000002, 7.4505834e-08, 0.075140335, -0.06146276, -0.85070586)
bind/75/name = &"thigh_fk.R"
bind/75/bone = -1
bind/75/pose = Transform3D(0.9597223, -0.15014575, 0.23746438, -0.18210803, -0.9760708, 0.11884051, 0.21393855, -0.15729791, -0.9640996, 0.21443889, 0.82396966, 0.09063362)
bind/76/name = &"shin_fk.R"
bind/76/bone = -1
bind/76/pose = Transform3D(0.9597223, -0.15014566, 0.23746462, -0.12815176, -0.98611903, -0.10557903, 0.25002056, 0.070895225, -0.96564174, 0.21443883, 0.43196622, -0.00872976)
bind/77/name = &"MCH-foot_fk.R"
bind/77/bone = -1
bind/77/pose = Transform3D(0.9999801, 0.00011644465, -0.0062952642, 0.0062799165, -0.090518154, 0.9958752, -0.0004538728, -0.9958951, -0.09051687, 0.20291686, 0.06331383, 0.029709307)
bind/78/name = &"foot_fk.R"
bind/78/bone = -1
bind/78/pose = Transform3D(0.9999801, 0.000118604185, -0.006295061, 0.0062799095, -0.09051816, 0.9958752, -0.00045170376, -0.9958951, -0.09051689, 0.20291679, 0.06331381, 0.029709747)
bind/79/name = &"MCH-toe_fk.R"
bind/79/bone = -1
bind/79/pose = Transform3D(-0.98968196, 0.0052297954, 0.14318536, 0.14328066, 0.037531823, 0.98897076, -0.00020188623, 0.9992821, -0.037894066, -0.23585607, -0.22409746, 0.0029460483)
bind/80/name = &"toe_fk.R"
bind/80/bone = -1
bind/80/pose = Transform3D(-0.989682, 0.0052299034, 0.1431853, 0.14328061, 0.037531804, 0.9889708, -0.00020177448, 0.9992822, -0.037894063, -0.23585607, -0.22409749, 0.0029460683)
bind/81/name = &"MCH-thigh_ik_swing.R"
bind/81/bone = -1
bind/81/pose = Transform3D(0.95218724, -0.14887594, 0.26678696, -0.1552615, -0.98786926, 0.0028793074, 0.2631219, -0.044163235, -0.9637514, 0.21459468, 0.8288966, -0.0018936326)
bind/82/name = &"thigh_ik.R"
bind/82/bone = -1
bind/82/pose = Transform3D(0.9597224, -0.15014577, 0.2374643, -0.18210801, -0.97607064, 0.118840545, 0.21393846, -0.15729794, -0.96409965, 0.21443887, 0.8239695, 0.09063363)
bind/83/name = &"MCH-shin_ik.R"
bind/83/bone = -1
bind/83/pose = Transform3D(0.95972234, -0.15014566, 0.23746465, -0.12815174, -0.98611885, -0.10557906, 0.25002056, 0.07089521, -0.9656418, 0.21443881, 0.43196604, -0.008729729)
bind/84/name = &"MCH-thigh_tweak.R"
bind/84/bone = -1
bind/84/pose = Transform3D(0.95972246, -0.15014575, 0.23746437, -0.18210803, -0.97607064, 0.11884074, 0.2139382, -0.15729801, -0.9641, 0.21443889, 0.8239694, 0.090633675)
bind/85/name = &"thigh_tweak.R"
bind/85/bone = -1
bind/85/pose = Transform3D(0.9597226, -0.15014571, 0.23746432, -0.18210797, -0.97607076, 0.11884067, 0.21393819, -0.15729794, -0.9641002, 0.21443884, 0.82396954, 0.090633586)
bind/86/name = &"DEF-thigh.R"
bind/86/bone = -1
bind/86/pose = Transform3D(0.959722, -0.15014572, 0.23746414, -0.18210825, -0.9760706, 0.11883964, 0.21393979, -0.15729791, -0.9640976, 0.21443881, 0.82396936, 0.09063383)
bind/87/name = &"DEF-thigh.R.001"
bind/87/bone = -1
bind/87/pose = Transform3D(0.9597219, -0.15014566, 0.23746419, -0.18210822, -0.97607046, 0.11883968, 0.21393983, -0.15729795, -0.9640975, 0.21443875, 0.62320507, 0.09063387)
bind/88/name = &"DEF-shin.R"
bind/88/bone = -1
bind/88/pose = Transform3D(0.95972186, -0.15014566, 0.23746456, -0.12815179, -0.98611873, -0.10557912, 0.25002187, 0.07089479, -0.9656396, 0.21443875, 0.43196604, -0.008729305)
bind/89/name = &"DEF-shin.R.001"
bind/89/bone = -1
bind/89/pose = Transform3D(0.95972186, -0.15014555, 0.23746453, -0.12815168, -0.9861187, -0.10557911, 0.25002185, 0.07089481, -0.9656395, 0.21443869, 0.21723975, -0.008729308)
bind/90/name = &"DEF-foot.R"
bind/90/bone = -1
bind/90/pose = Transform3D(0.9999801, 0.00011661899, -0.0062952046, 0.006279009, -0.090517685, 0.9958731, -0.00045366553, -0.9958949, -0.09051676, 0.20291686, 0.06331347, 0.029709233)
bind/91/name = &"DEF-toe.R"
bind/91/bone = -1
bind/91/pose = Transform3D(-0.9896821, 0.0052299416, 0.14318536, 0.14328003, 0.037532385, 0.98896825, -0.00020174551, 0.99928176, -0.037894063, -0.23585613, -0.22409694, 0.0029461647)
bind/92/name = &"tweak_spine.001"
bind/92/bone = -1
bind/92/pose = Transform3D(1, 4.3689845e-08, -2.3438135e-07, -7.105429e-15, 0.98306674, 0.18324849, 2.384186e-07, -0.18324853, 0.98306674, -4.9160583e-08, -1.0207175, 0.20707887)
bind/93/name = &"ORG-spine.001"
bind/93/bone = -1
bind/93/pose = Transform3D(1, 4.3689838e-08, -2.3438135e-07, -1.0658144e-14, 0.98306674, 0.18324845, 2.384186e-07, -0.18324849, 0.98306674, -4.9160576e-08, -1.0207175, 0.20707883)
bind/94/name = &"MCH-WGT-hips"
bind/94/bone = -1
bind/94/pose = Transform3D(1, 5.209165e-08, -2.326583e-07, -1.0658143e-14, 0.9758397, 0.2184882, 2.384186e-07, -0.21848826, 0.97583973, -5.7881582e-08, -0.8996734, 0.2436574)
bind/95/name = &"MCH-spine.002"
bind/95/bone = -1
bind/95/pose = Transform3D(1, 0, 0, 0, 0, -1.0000001, 0, 1, 0, 2.1085544e-10, -0.00037705156, -1.1280211)
bind/96/name = &"spine_fk.002"
bind/96/bone = -1
bind/96/pose = Transform3D(1, -7.584724e-09, -2.3829796e-07, -2.2204464e-14, 0.9994939, -0.03181273, 2.384186e-07, 0.031812634, 0.99949396, 8.676733e-09, -1.1274623, -0.03550846)
bind/97/name = &"MCH-pivot"
bind/97/bone = -1
bind/97/pose = Transform3D(1, 4.368985e-08, -2.3438133e-07, -1.7763568e-14, 0.98306656, 0.18324848, 2.3841855e-07, -0.18324856, 0.9830667, -4.9160594e-08, -1.1088507, 0.20707892)
bind/98/name = &"tweak_spine.002"
bind/98/bone = -1
bind/98/pose = Transform3D(1, -7.584714e-09, -2.3829796e-07, -2.5757174e-14, 0.9994938, -0.031812713, 2.384186e-07, 0.031812593, 0.99949396, 8.676722e-09, -1.1274621, -0.035508413)
bind/99/name = &"ORG-spine.002"
bind/99/bone = -1
bind/99/pose = Transform3D(1, -7.58472e-09, -2.3829796e-07, -2.5757174e-14, 0.9994938, -0.03181274, 2.384186e-07, 0.03181262, 0.99949396, 8.676729e-09, -1.1274621, -0.035508446)
bind/100/name = &"MCH-spine.003"
bind/100/bone = -1
bind/100/pose = Transform3D(1, 3.1974423e-14, 1.4210856e-14, 5.6843426e-14, -2.6077034e-08, -1.0000001, -3.8191672e-14, 1, -5.4273635e-28, 2.1081488e-10, -0.0049267192, -1.2709643)
bind/101/name = &"spine_fk.003"
bind/101/bone = -1
bind/101/pose = Transform3D(1, -4.7906813e-08, -2.3355597e-07, 2.4868996e-14, 0.9796044, -0.2009356, 2.3841856e-07, 0.2009357, 0.9796045, 5.9948036e-08, -1.2460321, -0.2505558)
bind/102/name = &"ORG-spine.004"
bind/102/bone = -1
bind/102/pose = Transform3D(1, 9.1680306e-07, -2.6260696e-07, -5.684342e-14, 0.27536413, 0.96134007, 9.53672e-07, -0.96134, 0.27536404, -1.3072784e-06, -0.3565951, 1.3710052)
bind/103/name = &"ORG-spine.005"
bind/103/bone = -1
bind/103/pose = Transform3D(1, 6.4979126e-08, -2.2939288e-07, 1.4210853e-14, 0.9621438, 0.27254212, 2.384185e-07, -0.27254203, 0.9621438, -9.234637e-08, -1.3724431, 0.3882129)
bind/104/name = &"ORG-spine.006"
bind/104/bone = -1
bind/104/pose = Transform3D(1, 7.1054274e-15, -1.4210854e-14, 7.81597e-14, 1, 1.1920929e-07, -2.3293406e-21, -2.9802322e-08, 1, 2.1084656e-10, -1.4609295, -0.010343308)
bind/105/name = &"MCH-ROT-neck"
bind/105/bone = -1
bind/105/pose = Transform3D(1, -1.4210854e-14, 1.4210856e-14, 8.5265135e-14, -2.9802326e-08, -1.0000001, 2.1316282e-14, 1, 3.029226e-28, 2.108759e-10, -0.034716457, -1.4161956)
bind/106/name = &"neck"
bind/106/bone = -1
bind/106/pose = Transform3D(1, 6.7679304e-07, -6.7189717e-07, -1.7053028e-13, 0.70453525, 0.70966893, 9.536742e-07, -0.709669, 0.7045353, -9.815864e-07, -0.97312254, 1.0294892)
bind/107/name = &"MCH-ROT-head"
bind/107/bone = -1
bind/107/pose = Transform3D(1, 1.705302e-13, 0, 4.5474713e-13, -3.2782543e-07, -1, 6.252774e-13, 0.99999964, 0, 2.1060562e-10, 0.010343833, -1.460929)
bind/108/name = &"head"
bind/108/bone = -1
bind/108/pose = Transform3D(1, -1.3552522e-20, -6.776291e-21, 7.9580754e-13, 0.99999964, 3.5762787e-07, -4.547474e-13, -1.8596374e-08, 1, 2.1085475e-10, -1.460929, -0.010343327)
bind/109/name = &"tweak_spine.004"
bind/109/bone = -1
bind/109/pose = Transform3D(1, 9.1680437e-07, -2.6261065e-07, -8.526514e-14, 0.2753671, 0.9613392, 9.536742e-07, -0.96133924, 0.27536726, -1.3072804e-06, -0.3565994, 1.3710041)
bind/110/name = &"MCH-STR-neck"
bind/110/bone = -1
bind/110/pose = Transform3D(1, 6.7679315e-07, -6.7189717e-07, -1.7053028e-13, 0.70453525, 0.70966905, 9.5367426e-07, -0.7096691, 0.7045353, -9.815866e-07, -0.97312254, 1.0294894)
bind/111/name = &"MCH-spine.005"
bind/111/bone = -1
bind/111/pose = Transform3D(1, 6.767934e-07, -6.718968e-07, 0, 0.70453477, 0.7096694, 9.536742e-07, -0.7096695, 0.7045348, -9.64737e-07, -1.0052499, 1.0118213)
bind/112/name = &"tweak_spine.005"
bind/112/bone = -1
bind/112/pose = Transform3D(1, 6.497899e-08, -2.2939274e-07, -9.237057e-14, 0.9621439, 0.27254206, 2.3841822e-07, -0.2725422, 0.96214396, -9.2346184e-08, -1.3724431, 0.3882132)
bind/113/name = &"tweak_spine.003"
bind/113/bone = -1
bind/113/pose = Transform3D(1, -4.7906756e-08, -2.3355588e-07, 2.8421706e-14, 0.97960436, -0.2009354, 2.3841847e-07, 0.2009355, 0.9796044, 5.994796e-08, -1.2460321, -0.25055557)
bind/114/name = &"ORG-spine.003"
bind/114/bone = -1
bind/114/pose = Transform3D(1, -4.79068e-08, -2.3355588e-07, 2.4868997e-14, 0.9796045, -0.20093562, 2.3841847e-07, 0.2009357, 0.9796045, 5.9948015e-08, -1.2460322, -0.25055584)
bind/115/name = &"ORG-shoulder.L"
bind/115/bone = -1
bind/115/pose = Transform3D(0.19814023, 0.13329312, 0.97106826, 0.9217903, -0.3621535, -0.13837472, 0.3332313, 0.9225389, -0.19462542, -0.1920598, 0.31980857, -1.27674)
bind/116/name = &"ORG-upper_arm.L"
bind/116/bone = -1
bind/116/pose = Transform3D(-0.36701632, -0.7367138, -0.5679366, 0.9152957, -0.3949157, -0.07921446, -0.16592874, -0.548903, 0.81925166, 1.0319407, 0.18505076, 0.7631387)
bind/117/name = &"ORG-forearm.L"
bind/117/bone = -1
bind/117/pose = Transform3D(-0.36701632, -0.7367138, -0.56793654, 0.9026669, -0.42954516, -0.026132852, -0.22470197, -0.52224874, 0.82265747, 1.0319408, 0.13082801, 0.7562675)
bind/118/name = &"ORG-hand.L"
bind/118/bone = -1
bind/118/pose = Transform3D(-0.4770592, -0.6656034, -0.57392246, 0.8094784, -0.5870947, 0.008020223, -0.34228507, -0.46075165, 0.81887054, 1.0201869, 0.15685767, 0.76005125)
bind/119/name = &"MCH-hand_tweak.L"
bind/119/bone = -1
bind/119/pose = Transform3D(-0.4770589, -0.66560346, -0.5739227, 0.8094787, -0.5870945, 0.008020164, -0.34228504, -0.460752, 0.81887037, 1.0201868, 0.15685724, 0.7600516)
bind/120/name = &"hand_tweak.L"
bind/120/bone = -1
bind/120/pose = Transform3D(-0.47705886, -0.66560346, -0.5739227, 0.80947876, -0.58709466, 0.00802021, -0.34228507, -0.46075204, 0.81887037, 1.0201868, 0.15685725, 0.76005167)
bind/121/name = &"MCH-forearm_tweak.L"
bind/121/bone = -1
bind/121/pose = Transform3D(-0.36701658, -0.73671377, -0.5679365, 0.9026669, -0.42954552, -0.0261329, -0.22470209, -0.5222486, 0.8226576, 1.0319408, 0.13082847, 0.7562674)
bind/122/name = &"forearm_tweak.L"
bind/122/bone = -1
bind/122/pose = Transform3D(-0.3670164, -0.73671377, -0.56793654, 0.902667, -0.42954534, -0.026132945, -0.22470202, -0.52224874, 0.8226575, 1.0319407, 0.13082822, 0.7562676)
bind/123/name = &"MCH-forearm_tweak.L.001"
bind/123/bone = -1
bind/123/pose = Transform3D(-0.36603278, -0.7344286, -0.57151973, 0.9026669, -0.4295454, -0.02613293, -0.22630091, -0.5254575, 0.8201722, 1.0286319, 0.025977388, 0.760762)
bind/124/name = &"forearm_tweak.L.001"
bind/124/bone = -1
bind/124/pose = Transform3D(-0.3670165, -0.73671395, -0.56793654, 0.902667, -0.42954537, -0.026132962, -0.22470202, -0.52224874, 0.8226575, 1.031941, 0.025977349, 0.75626755)
bind/125/name = &"MCH-upper_arm_parent_widget.L"
bind/125/bone = -1
bind/125/pose = Transform3D(-0.36701855, -0.7367145, -0.5679344, 0.91529477, -0.39491814, -0.079214156, -0.16592938, -0.5489005, 0.8192533, 1.0319424, 0.18505411, 0.76313585)
bind/126/name = &"MCH-upper_arm_tweak.L.001"
bind/126/bone = -1
bind/126/pose = Transform3D(-0.36701882, -0.7367122, -0.567937, 0.9152943, -0.39491892, -0.07921452, -0.1659308, -0.5489028, 0.81925136, 1.0319396, 0.13338327, 0.7631392)
bind/127/name = &"upper_arm_tweak.L.001"
bind/127/bone = -1
bind/127/pose = Transform3D(-0.3670153, -0.73671365, -0.5679375, 0.9152962, -0.39491472, -0.07921452, -0.16592848, -0.548904, 0.81925106, 1.0319401, 0.13337736, 0.7631398)
bind/128/name = &"DEF-shoulder.L"
bind/128/bone = -1
bind/128/pose = Transform3D(0.19814023, 0.13329312, 0.9710683, 0.92179036, -0.36215353, -0.13837473, 0.3332313, 0.92253894, -0.19462541, -0.19205979, 0.31980857, -1.27674)
bind/129/name = &"upper_arm_parent.L"
bind/129/bone = -1
bind/129/pose = Transform3D(0.22372466, 0.33493245, 0.91529655, 0.91529644, -0.39491475, -0.079214476, 0.33493254, 0.85548985, -0.39491463, -0.47218135, 0.18504936, -1.1934521)
bind/130/name = &"MCH-upper_arm_parent.L"
bind/130/bone = -1
bind/130/pose = Transform3D(1.0000001, -8.437699e-15, -1.4156109e-07, 1.4156109e-07, -5.960467e-08, -1.0000004, -8.9406996e-08, 1.0000001, 7.4505856e-08, -0.3359896, -0.024467124, -1.2522136)
bind/131/name = &"upper_arm_fk.L"
bind/131/bone = -1
bind/131/pose = Transform3D(-0.36701623, -0.7367138, -0.56793654, 0.91529596, -0.3949157, -0.079214714, -0.16592863, -0.54890287, 0.81925184, 1.0319407, 0.18505064, 0.76313853)
bind/132/name = &"forearm_fk.L"
bind/132/bone = -1
bind/132/pose = Transform3D(-0.3670163, -0.7367139, -0.5679365, 0.9026672, -0.42954522, -0.026133098, -0.22470191, -0.52224874, 0.82265776, 1.0319408, 0.13082795, 0.7562675)
bind/133/name = &"MCH-hand_fk.L"
bind/133/bone = -1
bind/133/pose = Transform3D(-0.4770588, -0.6656034, -0.5739226, 0.8094787, -0.58709455, 0.008019987, -0.342285, -0.46075192, 0.8188706, 1.0201867, 0.15685713, 0.7600515)
bind/134/name = &"hand_fk.L"
bind/134/bone = -1
bind/134/pose = Transform3D(-0.47705907, -0.66560334, -0.57392246, 0.80947864, -0.58709484, 0.008020002, -0.34228504, -0.46075165, 0.81887084, 1.0201868, 0.15685757, 0.7600512)
bind/135/name = &"MCH-upper_arm_ik_swing.L"
bind/135/bone = -1
bind/135/pose = Transform3D(-0.37167534, -0.7488253, -0.5487425, 0.90725607, -0.41830537, -0.04367675, -0.19683568, -0.5140832, 0.83485, 1.049142, 0.2179104, 0.73030293)
bind/136/name = &"upper_arm_ik.L"
bind/136/bone = -1
bind/136/pose = Transform3D(-0.36701632, -0.7367138, -0.56793654, 0.91529626, -0.39491594, -0.0792146, -0.16592868, -0.54890287, 0.8192519, 1.0319407, 0.18505083, 0.7631385)
bind/137/name = &"MCH-forearm_ik.L"
bind/137/bone = -1
bind/137/pose = Transform3D(-0.36701632, -0.7367138, -0.56793654, 0.90266746, -0.4295453, -0.026133018, -0.22470197, -0.52224874, 0.82265776, 1.0319408, 0.13082802, 0.75626755)
bind/138/name = &"MCH-upper_arm_tweak.L"
bind/138/bone = -1
bind/138/pose = Transform3D(-0.36701953, -0.73671454, -0.5679337, 0.9152944, -0.39491895, -0.07921446, -0.16592938, -0.54889977, 0.8192536, 1.0319428, 0.18505532, 0.76313496)
bind/139/name = &"upper_arm_tweak.L"
bind/139/bone = -1
bind/139/pose = Transform3D(-0.3670153, -0.7367137, -0.56793755, 0.9152962, -0.39491463, -0.07921452, -0.16592845, -0.548904, 0.81925094, 1.0319402, 0.18504928, 0.7631399)
bind/140/name = &"DEF-upper_arm.L"
bind/140/bone = -1
bind/140/pose = Transform3D(-0.36701736, -0.736714, -0.56793565, 0.9152955, -0.39491683, -0.079214446, -0.16592896, -0.54890203, 0.81925243, 1.0319413, 0.18505226, 0.76313764)
bind/141/name = &"DEF-upper_arm.L.001"
bind/141/bone = -1
bind/141/pose = Transform3D(-0.36701718, -0.736714, -0.56793576, 0.9152955, -0.39491665, -0.07921437, -0.16592893, -0.54890203, 0.8192524, 1.0319414, 0.1333801, 0.7631377)
bind/142/name = &"DEF-forearm.L"
bind/142/bone = -1
bind/142/pose = Transform3D(-0.36701506, -0.7367136, -0.5679376, 0.9026676, -0.429544, -0.026132807, -0.22470182, -0.52225, 0.8226567, 1.0319399, 0.13082632, 0.75626886)
bind/143/name = &"DEF-forearm.L.001"
bind/143/bone = -1
bind/143/pose = Transform3D(-0.36701643, -0.7367138, -0.5679365, 0.9026669, -0.42954528, -0.026132837, -0.224702, -0.5222487, 0.82265747, 1.0319408, 0.025977165, 0.7562675)
bind/144/name = &"DEF-hand.L"
bind/144/bone = -1
bind/144/pose = Transform3D(-0.47705907, -0.66560334, -0.57392246, 0.80947846, -0.5870947, 0.008020253, -0.34228504, -0.46075174, 0.8188705, 1.0201869, 0.15685754, 0.76005137)
bind/145/name = &"ORG-shoulder.R"
bind/145/bone = -1
bind/145/pose = Transform3D(0.19814025, -0.13329321, -0.97106844, -0.9217903, -0.36215356, -0.13837488, -0.33323136, 0.9225389, -0.19462551, 0.19205989, 0.31980857, -1.2767401)
bind/146/name = &"ORG-upper_arm.R"
bind/146/bone = -1
bind/146/pose = Transform3D(-0.36701638, 0.73671407, 0.56793666, -0.91529626, -0.3949159, -0.079214625, 0.16592874, -0.548903, 0.81925184, -1.0319408, 0.18505073, 0.76313853)
bind/147/name = &"ORG-forearm.R"
bind/147/bone = -1
bind/147/pose = Transform3D(-0.3670164, 0.736714, 0.5679367, -0.9026674, -0.42954534, -0.0261331, 0.22470199, -0.5222488, 0.8226577, -1.0319409, 0.13082796, 0.7562676)
bind/148/name = &"ORG-hand.R"
bind/148/bone = -1
bind/148/pose = Transform3D(-0.4770592, 0.6656036, 0.5739225, -0.80947894, -0.5870948, 0.008020006, 0.34228507, -0.46075174, 0.8188708, -1.020187, 0.15685731, 0.76005125)
bind/149/name = &"MCH-hand_tweak.R"
bind/149/bone = -1
bind/149/pose = Transform3D(-0.47705886, 0.6656036, 0.57392275, -0.8094791, -0.58709455, 0.008019933, 0.342285, -0.46075207, 0.81887054, -1.0201869, 0.1568569, 0.76005155)
bind/150/name = &"hand_tweak.R"
bind/150/bone = -1
bind/150/pose = Transform3D(-0.47705895, 0.6656035, 0.5739228, -0.8094792, -0.58709484, 0.008020023, 0.34228513, -0.46075198, 0.81887054, -1.020187, 0.15685713, 0.7600516)
bind/151/name = &"MCH-forearm_tweak.R"
bind/151/bone = -1
bind/151/pose = Transform3D(-0.3670167, 0.7367139, 0.5679366, -0.9026674, -0.42954558, -0.026133234, 0.22470196, -0.52224874, 0.82265776, -1.0319408, 0.13082825, 0.7562675)
bind/152/name = &"forearm_tweak.R"
bind/152/bone = -1
bind/152/pose = Transform3D(-0.3670165, 0.73671395, 0.56793666, -0.9026675, -0.42954543, -0.02613307, 0.224702, -0.52224874, 0.8226577, -1.0319409, 0.13082802, 0.7562674)
bind/153/name = &"MCH-forearm_tweak.R.001"
bind/153/bone = -1
bind/153/pose = Transform3D(-0.36603278, 0.7344288, 0.5715199, -0.90266734, -0.4295454, -0.026133085, 0.22630093, -0.5254575, 0.8201724, -1.028632, 0.025977075, 0.7607619)
bind/154/name = &"forearm_tweak.R.001"
bind/154/bone = -1
bind/154/pose = Transform3D(-0.36701655, 0.736714, 0.5679367, -0.9026674, -0.42954552, -0.02613318, 0.22470205, -0.5222489, 0.8226578, -1.0319412, 0.025977157, 0.75626767)
bind/155/name = &"MCH-upper_arm_parent_widget.R"
bind/155/bone = -1
bind/155/pose = Transform3D(-0.36701858, 0.7367146, 0.5679346, -0.9152953, -0.39491814, -0.079214506, 0.1659292, -0.54890054, 0.81925344, -1.0319425, 0.18505393, 0.76313573)
bind/156/name = &"MCH-upper_arm_tweak.R.001"
bind/156/bone = -1
bind/156/pose = Transform3D(-0.36701894, 0.7367124, 0.5679371, -0.9152948, -0.3949192, -0.07921466, 0.16593087, -0.5489027, 0.8192516, -1.0319397, 0.13338336, 0.76313907)
bind/157/name = &"upper_arm_tweak.R.001"
bind/157/bone = -1
bind/157/pose = Transform3D(-0.36701536, 0.7367138, 0.5679376, -0.9152968, -0.39491484, -0.07921478, 0.1659284, -0.54890394, 0.81925124, -1.0319403, 0.13337731, 0.7631397)
bind/158/name = &"DEF-shoulder.R"
bind/158/bone = -1
bind/158/pose = Transform3D(0.19814025, -0.13329315, -0.9710685, -0.9217904, -0.36215353, -0.13837491, -0.33323133, 0.922539, -0.19462545, 0.19205984, 0.31980854, -1.2767402)
bind/159/name = &"upper_arm_parent.R"
bind/159/bone = -1
bind/159/pose = Transform3D(0.2237246, -0.3349326, -0.9152967, -0.9152964, -0.39491466, -0.079214565, -0.33493254, 0.85548997, -0.39491475, 0.47218144, 0.18504916, -1.1934521)
bind/160/name = &"MCH-upper_arm_parent.R"
bind/160/bone = -1
bind/160/pose = Transform3D(1, -2.9802322e-08, 3.7252914e-08, -1.9371517e-07, -1.6391286e-07, -1.0000004, -2.9802326e-08, 1.0000002, 1.4901168e-08, 0.3359896, -0.024467004, -1.2522135)
bind/161/name = &"upper_arm_fk.R"
bind/161/bone = -1
bind/161/pose = Transform3D(-0.36701632, 0.736714, 0.5679366, -0.91529584, -0.39491567, -0.079214744, 0.16592869, -0.548903, 0.81925184, -1.0319409, 0.18505058, 0.7631387)
bind/162/name = &"forearm_fk.R"
bind/162/bone = -1
bind/162/pose = Transform3D(-0.36701632, 0.73671395, 0.56793654, -0.9026669, -0.4295451, -0.026133126, 0.22470199, -0.5222488, 0.8226576, -1.0319408, 0.13082792, 0.75626755)
bind/163/name = &"MCH-hand_fk.R"
bind/163/bone = -1
bind/163/pose = Transform3D(-0.47705895, 0.6656034, 0.57392263, -0.8094786, -0.5870946, 0.008019972, 0.34228513, -0.46075204, 0.8188706, -1.0201868, 0.15685722, 0.76005155)
bind/164/name = &"hand_fk.R"
bind/164/bone = -1
bind/164/pose = Transform3D(-0.4770591, 0.6656035, 0.57392246, -0.8094785, -0.5870948, 0.008020062, 0.34228513, -0.46075174, 0.8188707, -1.0201869, 0.15685752, 0.7600514)
bind/165/name = &"MCH-upper_arm_ik_swing.R"
bind/165/bone = -1
bind/165/pose = Transform3D(-0.3716754, 0.74882543, 0.54874253, -0.9072557, -0.41830522, -0.043676876, 0.1968357, -0.5140833, 0.83485, -1.0491421, 0.21791022, 0.7303031)
bind/166/name = &"upper_arm_ik.R"
bind/166/bone = -1
bind/166/pose = Transform3D(-0.36701635, 0.73671395, 0.5679366, -0.9152959, -0.39491576, -0.079214714, 0.1659287, -0.5489029, 0.81925195, -1.0319408, 0.18505067, 0.76313865)
bind/167/name = &"MCH-forearm_ik.R"
bind/167/bone = -1
bind/167/pose = Transform3D(-0.36701638, 0.73671395, 0.5679366, -0.9026672, -0.4295453, -0.026133105, 0.224702, -0.52224886, 0.8226578, -1.0319408, 0.13082798, 0.75626767)
bind/168/name = &"MCH-upper_arm_tweak.R"
bind/168/bone = -1
bind/168/pose = Transform3D(-0.36701968, 0.7367145, 0.56793374, -0.9152946, -0.39491904, -0.07921474, 0.16592936, -0.5488998, 0.81925386, -1.0319427, 0.18505532, 0.7631351)
bind/169/name = &"upper_arm_tweak.R"
bind/169/bone = -1
bind/169/pose = Transform3D(-0.3670154, 0.73671377, 0.5679375, -0.91529655, -0.3949147, -0.0792147, 0.16592844, -0.54890406, 0.8192513, -1.0319403, 0.18504913, 0.7631399)
bind/170/name = &"DEF-upper_arm.R"
bind/170/bone = -1
bind/170/pose = Transform3D(-0.3670174, 0.736714, 0.5679358, -0.91529554, -0.39491683, -0.07921465, 0.16592897, -0.548902, 0.8192526, -1.0319414, 0.1850522, 0.7631375)
bind/171/name = &"DEF-upper_arm.R.001"
bind/171/bone = -1
bind/171/pose = Transform3D(-0.36701742, 0.73671407, 0.56793565, -0.91529554, -0.3949168, -0.07921467, 0.16592887, -0.5489018, 0.81925267, -1.0319414, 0.13338016, 0.7631373)
bind/172/name = &"DEF-forearm.R"
bind/172/bone = -1
bind/172/pose = Transform3D(-0.36701506, 0.7367137, 0.56793773, -0.90266794, -0.42954406, -0.026132986, 0.22470184, -0.52225006, 0.822657, -1.03194, 0.1308262, 0.756269)
bind/173/name = &"DEF-forearm.R.001"
bind/173/bone = -1
bind/173/pose = Transform3D(-0.36701623, 0.7367138, 0.5679368, -0.90266734, -0.42954507, -0.026132999, 0.22470203, -0.522249, 0.82265764, -1.0319406, 0.025976717, 0.7562678)
bind/174/name = &"DEF-hand.R"
bind/174/bone = -1
bind/174/pose = Transform3D(-0.47705948, 0.66560346, 0.57392216, -0.8094785, -0.58709496, 0.008020002, 0.34228495, -0.46075132, 0.81887096, -1.0201873, 0.1568576, 0.7600508)
bind/175/name = &"ORG-breast.L"
bind/175/bone = -1
bind/175/pose = Transform3D(-1, 1.5969019e-07, 7.0919874e-09, 7.091971e-09, 3.8742996e-07, 0.9999995, 1.5969013e-07, 0.9999999, -4.470346e-08, 0.05670402, 0.040165693, -1.3059428)
bind/176/name = &"DEF-breast.L"
bind/176/bone = -1
bind/176/pose = Transform3D(-1, 1.509958e-07, 4.1080801e-16, -2.6593651e-14, 3.427265e-07, 0.9999995, 1.5099575e-07, 0.9999999, -7.105423e-15, 0.05670403, 0.040165693, -1.3059428)
bind/177/name = &"ORG-breast.R"
bind/177/bone = -1
bind/177/pose = Transform3D(-1, -7.872849e-08, 7.091929e-09, 7.091814e-09, 1.4901167e-08, 1.0000002, -7.872847e-08, 1.0000001, 5.583367e-16, -0.056704126, 0.040166207, -1.3059431)
bind/178/name = &"DEF-breast.R"
bind/178/bone = -1
