[gd_scene format=3 uid="uid://gtk87kwfvl4n"]

[ext_resource type="PackedScene" uid="uid://dufvvhy7e7544" path="res://Prop/LandmarkTower.fbx" id="1_vjvly"]
[ext_resource type="PackedScene" uid="uid://dh48geh0vsot6" path="res://BTS Column/bts_pillar.tscn" id="2_ijrag"]
[ext_resource type="PackedScene" uid="uid://cetefhvkdq71w" path="res://Prop/GreemFence.fbx" id="3_ijrag"]
[ext_resource type="PackedScene" uid="uid://52or61jrgb5q" path="res://Prop/Sign01.fbx" id="4_bq3e6"]
[ext_resource type="PackedScene" uid="uid://bgyi0cb3exohm" path="res://Prop/Sign03.fbx" id="5_vb6c5"]
[ext_resource type="PackedScene" uid="uid://cheofbkd8h535" path="res://Tree/Tree_With_Cage.fbx" id="6_3qxau"]
[ext_resource type="PackedScene" uid="uid://bxtxvu10k1khb" path="res://Prop/Umbra02.fbx" id="7_1s35x"]
[ext_resource type="PackedScene" uid="uid://c08ptim7hs4ox" path="res://Prop/Umbra01.fbx" id="8_gnpba"]
[ext_resource type="PackedScene" uid="uid://4piwip56p4ju" path="res://Prop/Tent.fbx" id="9_n7qxm"]
[ext_resource type="PackedScene" uid="uid://cqj0rsehq7jrj" path="res://Buildings/buildingFar.tscn" id="10_2ccym"]
[ext_resource type="PackedScene" uid="uid://caxnvymhioids" path="res://Buildings/building_2.tscn" id="11_pgcnv"]
[ext_resource type="PackedScene" uid="uid://c7xsp36kik4xa" path="res://Shop house buildings_mesh/Shop house buildings (2).blend" id="12_4h21e"]
[ext_resource type="PackedScene" uid="uid://dv8njfq2wi4or" path="res://Shop house buildings_mesh/Shop house buildings (3).blend" id="13_3em6w"]
[ext_resource type="PackedScene" uid="uid://b6b0nemd3xadr" path="res://Shop house buildings_mesh/Shop house buildings.blend" id="14_cxcsb"]
[ext_resource type="PackedScene" uid="uid://c133dkel4pjjn" path="res://Shop house buildings_mesh/Shop house buildings Full model.blend" id="15_q0y3q"]
[ext_resource type="PackedScene" uid="uid://cnp4qc3ttx7t6" path="res://Road/road.tscn" id="16_4h21e"]
[ext_resource type="PackedScene" uid="uid://b2i2wtery43c1" path="res://Sidewalk/sidewalk.tscn" id="17_3em6w"]
[ext_resource type="PackedScene" uid="uid://cr4cfx622j1av" path="res://Traffic Light/traffic_light_(2).tscn" id="19_q0y3q"]
[ext_resource type="PackedScene" uid="uid://dcrb0b5ucpdly" path="res://Police Station_model/Police Station1.fbx" id="20_5smi2"]
[ext_resource type="PackedScene" uid="uid://da72ca53jqfn6" path="res://Prop/Sign02.fbx" id="20_q0y3q"]

[sub_resource type="StandardMaterial3D" id="StandardMaterial3D_21hrq"]
albedo_color = Color(0.06469653, 0.06469653, 0.06469653, 1)

[sub_resource type="BoxMesh" id="BoxMesh_vjvly"]

[sub_resource type="StandardMaterial3D" id="StandardMaterial3D_4h21e"]
albedo_color = Color(0.2973972, 0.3036058, 0.31602657, 1)

[sub_resource type="BoxMesh" id="BoxMesh_3em6w"]

[node name="LV1" type="Node3D" unique_id=275027474]

[node name="DirectionalLight3D" type="DirectionalLight3D" parent="." unique_id=957887896]
transform = Transform3D(1, 0, 0, 0, -4.371139e-08, 1, 0, -1, -4.371139e-08, 0, 1.1030753, 0)

[node name="LandmarkTower" parent="." unique_id=910277767 instance=ExtResource("1_vjvly")]
transform = Transform3D(-3.173447e-08, 0, -0.7260001, 0, 0.7260001, 0, 0.7260001, 0, -3.173447e-08, -54.867203, 0.45855004, -25.188402)

[node name="FootPath3" type="MeshInstance3D" parent="." unique_id=477254121]
transform = Transform3D(150, 0, 0, 0, 0.363, 0, 0, 0, 7.26, 12.357796, 0.09555, -2.7924004)
material_override = SubResource("StandardMaterial3D_21hrq")
mesh = SubResource("BoxMesh_vjvly")

[node name="FootPath4" type="MeshInstance3D" parent="." unique_id=1734456561]
transform = Transform3D(150, 0, 0, 0, 0.363, 0, 0, 0, 7.26, -145.64221, 0.09555, -2.7924004)
material_override = SubResource("StandardMaterial3D_21hrq")
mesh = SubResource("BoxMesh_vjvly")

[node name="MiddleFence01" type="MeshInstance3D" parent="." unique_id=490984769]
transform = Transform3D(1, 0, 0, 0, 1, 0, 0, 0, 1, 0, 0, -16)

[node name="GreemFence73" parent="MiddleFence01" unique_id=1163978891 instance=ExtResource("3_ijrag")]
transform = Transform3D(1, 0, 0, 0, 1, 0, 0, 0, 1, 5.5, 0.5, 0)

[node name="GreemFence74" parent="MiddleFence01" unique_id=371746401 instance=ExtResource("3_ijrag")]
transform = Transform3D(0.9481131, 0, 0.31793356, 0, 1, 0, -0.31793356, 0, 0.9481131, 7.5, 0.5, 0)

[node name="GreemFence75" parent="MiddleFence01" unique_id=1230490367 instance=ExtResource("3_ijrag")]
transform = Transform3D(1, 0, 0, 0, 1, 0, 0, 0, 1, 1.5, 0.5, 0)

[node name="GreemFence76" parent="MiddleFence01" unique_id=450174493 instance=ExtResource("3_ijrag")]
transform = Transform3D(1, 0, 0, 0, 1, 0, 0, 0, 1, 3.5, 0.5, 0)

[node name="GreemFence77" parent="MiddleFence01" unique_id=2051357154 instance=ExtResource("3_ijrag")]
transform = Transform3D(1, 0, 0, 0, 1, 0, 0, 0, 1, -2.5, 0.5, 0)

[node name="GreemFence78" parent="MiddleFence01" unique_id=676310989 instance=ExtResource("3_ijrag")]
transform = Transform3D(0.98663765, 0, -0.16292992, 0, 1, 0, 0.16292992, 0, 0.98663765, -0.5, 0.5, 0)

[node name="GreemFence79" parent="MiddleFence01" unique_id=43527423 instance=ExtResource("3_ijrag")]
transform = Transform3D(1, 0, 0, 0, 1, 0, 0, 0, 1, -6.5, 0.5, 0)

[node name="GreemFence80" parent="MiddleFence01" unique_id=733635549 instance=ExtResource("3_ijrag")]
transform = Transform3D(0.9481131, 0, 0.31793356, 0, 1, 0, -0.31793356, 0, 0.9481131, -4.5, 0.5, 0)

[node name="GreemFence81" parent="MiddleFence01" unique_id=1876282880 instance=ExtResource("3_ijrag")]
transform = Transform3D(1, 0, 0, 0, 1, 0, 0, 0, 1, -10.5, 0.5, 0)

[node name="GreemFence82" parent="MiddleFence01" unique_id=618915100 instance=ExtResource("3_ijrag")]
transform = Transform3D(1, 0, 0, 0, 1, 0, 0, 0, 1, -8.5, 0.5, 0)

[node name="GreemFence83" parent="MiddleFence01" unique_id=1258343600 instance=ExtResource("3_ijrag")]
transform = Transform3D(0.98724496, 0, 0.15920922, 0, 1, 0, -0.15920922, 0, 0.98724496, -14.5, 0.5, 0)

[node name="GreemFence84" parent="MiddleFence01" unique_id=1454537685 instance=ExtResource("3_ijrag")]
transform = Transform3D(1, 0, 0, 0, 1, 0, 0, 0, 1, -12.5, 0.5, 0)

[node name="GreemFence85" parent="MiddleFence01" unique_id=284280144 instance=ExtResource("3_ijrag")]
transform = Transform3D(1, 0, 0, 0, 1, 0, 0, 0, 1, -18.5, 0.5, 0)

[node name="GreemFence86" parent="MiddleFence01" unique_id=2021238151 instance=ExtResource("3_ijrag")]
transform = Transform3D(1, 0, 0, 0, 1, 0, 0, 0, 1, -16.5, 0.5, 0)

[node name="GreemFence87" parent="MiddleFence01" unique_id=1950147504 instance=ExtResource("3_ijrag")]
transform = Transform3D(0.9481131, 0, 0.31793356, 0, 1, 0, -0.31793356, 0, 0.9481131, -22.5, 0.5, 0)

[node name="GreemFence88" parent="MiddleFence01" unique_id=1433941635 instance=ExtResource("3_ijrag")]
transform = Transform3D(0.98663765, 0, -0.16292992, 0, 1, 0, 0.16292992, 0, 0.98663765, -20.5, 0.5, 0)

[node name="GreemFence89" parent="MiddleFence01" unique_id=702403001 instance=ExtResource("3_ijrag")]
transform = Transform3D(1, 0, 0, 0, 1, 0, 0, 0, 1, -26.5, 0.5, 0)

[node name="GreemFence90" parent="MiddleFence01" unique_id=329062531 instance=ExtResource("3_ijrag")]
transform = Transform3D(1, 0, 0, 0, 1, 0, 0, 0, 1, -24.5, 0.5, 0)

[node name="GreemFence91" parent="MiddleFence01" unique_id=1353329846 instance=ExtResource("3_ijrag")]
transform = Transform3D(1, 0, 0, 0, 1, 0, 0, 0, 1, -30.5, 0.5, 0)

[node name="GreemFence92" parent="MiddleFence01" unique_id=578039342 instance=ExtResource("3_ijrag")]
transform = Transform3D(0.9481131, 0, 0.31793356, 0, 1, 0, -0.31793356, 0, 0.9481131, -28.5, 0.5, 0)

[node name="GreemFence93" parent="MiddleFence01" unique_id=287490513 instance=ExtResource("3_ijrag")]
transform = Transform3D(0.98663765, 0, -0.16292992, 0, 1, 0, 0.16292992, 0, 0.98663765, -34.5, 0.5, 0)

[node name="GreemFence94" parent="MiddleFence01" unique_id=227953683 instance=ExtResource("3_ijrag")]
transform = Transform3D(1, 0, 0, 0, 1, 0, 0, 0, 1, -32.5, 0.5, 0)

[node name="GreemFence95" parent="MiddleFence01" unique_id=814540762 instance=ExtResource("3_ijrag")]
transform = Transform3D(1, 0, 0, 0, 1, 0, 0, 0, 1, -38.5, 0.5, 0)

[node name="GreemFence96" parent="MiddleFence01" unique_id=262284219 instance=ExtResource("3_ijrag")]
transform = Transform3D(1, 0, 0, 0, 1, 0, 0, 0, 1, -36.5, 0.5, 0)

[node name="GreemFence97" parent="MiddleFence01" unique_id=1779693827 instance=ExtResource("3_ijrag")]
transform = Transform3D(0.9481131, 0, 0.31793356, 0, 1, 0, -0.31793356, 0, 0.9481131, -42.5, 0.5, 0)

[node name="GreemFence98" parent="MiddleFence01" unique_id=677120044 instance=ExtResource("3_ijrag")]
transform = Transform3D(0.98663765, 0, -0.16292992, 0, 1, 0, 0.16292992, 0, 0.98663765, -40.5, 0.5, 0)

[node name="GreemFence99" parent="MiddleFence01" unique_id=253543949 instance=ExtResource("3_ijrag")]
transform = Transform3D(1, 0, 0, 0, 1, 0, 0, 0, 1, -46.5, 0.5, 0)

[node name="GreemFence100" parent="MiddleFence01" unique_id=251744568 instance=ExtResource("3_ijrag")]
transform = Transform3D(1, 0, 0, 0, 1, 0, 0, 0, 1, -44.5, 0.5, 0)

[node name="GreemFence101" parent="MiddleFence01" unique_id=1439659202 instance=ExtResource("3_ijrag")]
transform = Transform3D(1, 0, 0, 0, 1, 0, 0, 0, 1, -50.5, 0.5, 0)

[node name="GreemFence102" parent="MiddleFence01" unique_id=1595372942 instance=ExtResource("3_ijrag")]
transform = Transform3D(0.9481131, 0, 0.31793356, 0, 1, 0, -0.31793356, 0, 0.9481131, -48.5, 0.5, 0)

[node name="GreemFence103" parent="MiddleFence01" unique_id=269352748 instance=ExtResource("3_ijrag")]
transform = Transform3D(0.98663765, 0, -0.16292992, 0, 1, 0, 0.16292992, 0, 0.98663765, -54.5, 0.5, 0)

[node name="GreemFence104" parent="MiddleFence01" unique_id=539560989 instance=ExtResource("3_ijrag")]
transform = Transform3D(1, 0, 0, 0, 1, 0, 0, 0, 1, -52.5, 0.5, 0)

[node name="GreemFence105" parent="MiddleFence01" unique_id=1708008591 instance=ExtResource("3_ijrag")]
transform = Transform3D(1, 0, 0, 0, 1, 0, 0, 0, 1, -58.5, 0.5, 0)

[node name="GreemFence106" parent="MiddleFence01" unique_id=1020666802 instance=ExtResource("3_ijrag")]
transform = Transform3D(0.98663765, 0, -0.16292992, 0, 1, 0, 0.16292992, 0, 0.98663765, -56.5, 0.5, 0)

[node name="MiddleFence02" type="MeshInstance3D" parent="." unique_id=594745327]
transform = Transform3D(1, 0, 0, 0, 1, 0, 0, 0, 1, 0, 0, -6)

[node name="GreemFence73" parent="MiddleFence02" unique_id=43733343 instance=ExtResource("3_ijrag")]
transform = Transform3D(1, 0, 0, 0, 1, 0, 0, 0, 1, 5.5, 0.5, 0)

[node name="GreemFence74" parent="MiddleFence02" unique_id=957080059 instance=ExtResource("3_ijrag")]
transform = Transform3D(0.9481131, 0, 0.31793356, 0, 1, 0, -0.31793356, 0, 0.9481131, 7.5, 0.5, 0)

[node name="GreemFence75" parent="MiddleFence02" unique_id=299548985 instance=ExtResource("3_ijrag")]
transform = Transform3D(1, 0, 0, 0, 1, 0, 0, 0, 1, 1.5, 0.5, 0)

[node name="GreemFence76" parent="MiddleFence02" unique_id=2142744641 instance=ExtResource("3_ijrag")]
transform = Transform3D(0.98663765, 0, -0.16292992, 0, 1, 0, 0.16292992, 0, 0.98663765, 3.5, 0.5, 0)

[node name="GreemFence77" parent="MiddleFence02" unique_id=1498856747 instance=ExtResource("3_ijrag")]
transform = Transform3D(1, 0, 0, 0, 1, 0, 0, 0, 1, -2.5, 0.5, 0)

[node name="GreemFence78" parent="MiddleFence02" unique_id=1071917946 instance=ExtResource("3_ijrag")]
transform = Transform3D(0.9481131, 0, 0.31793356, 0, 1, 0, -0.31793356, 0, 0.9481131, -0.5, 0.5, 0)

[node name="GreemFence79" parent="MiddleFence02" unique_id=776547914 instance=ExtResource("3_ijrag")]
transform = Transform3D(1, 0, 0, 0, 1, 0, 0, 0, 1, -6.5, 0.5, 0)

[node name="GreemFence80" parent="MiddleFence02" unique_id=2085765631 instance=ExtResource("3_ijrag")]
transform = Transform3D(1, 0, 0, 0, 1, 0, 0, 0, 1, -4.5, 0.5, 0)

[node name="GreemFence81" parent="MiddleFence02" unique_id=789343039 instance=ExtResource("3_ijrag")]
transform = Transform3D(0.98724496, 0, 0.15920922, 0, 1, 0, -0.15920922, 0, 0.98724496, -10.5, 0.5, 0)

[node name="GreemFence82" parent="MiddleFence02" unique_id=157549227 instance=ExtResource("3_ijrag")]
transform = Transform3D(1, 0, 0, 0, 1, 0, 0, 0, 1, -8.5, 0.5, 0)

[node name="GreemFence83" parent="MiddleFence02" unique_id=391598013 instance=ExtResource("3_ijrag")]
transform = Transform3D(0.9481131, 0, 0.31793356, 0, 1, 0, -0.31793356, 0, 0.9481131, -14.5, 0.5, 0)

[node name="GreemFence84" parent="MiddleFence02" unique_id=2096676272 instance=ExtResource("3_ijrag")]
transform = Transform3D(1, 0, 0, 0, 1, 0, 0, 0, 1, -12.5, 0.5, 0)

[node name="GreemFence85" parent="MiddleFence02" unique_id=701709504 instance=ExtResource("3_ijrag")]
transform = Transform3D(1, 0, 0, 0, 1, 0, 0, 0, 1, -18.5, 0.5, 0)

[node name="GreemFence86" parent="MiddleFence02" unique_id=1436889405 instance=ExtResource("3_ijrag")]
transform = Transform3D(0.98663765, 0, -0.16292992, 0, 1, 0, 0.16292992, 0, 0.98663765, -16.5, 0.5, 0)

[node name="GreemFence87" parent="MiddleFence02" unique_id=991077705 instance=ExtResource("3_ijrag")]
transform = Transform3D(1, 0, 0, 0, 1, 0, 0, 0, 1, -22.5, 0.5, 0)

[node name="GreemFence88" parent="MiddleFence02" unique_id=686382965 instance=ExtResource("3_ijrag")]
transform = Transform3D(1, 0, 0, 0, 1, 0, 0, 0, 1, -20.5, 0.5, 0)

[node name="GreemFence89" parent="MiddleFence02" unique_id=1193083510 instance=ExtResource("3_ijrag")]
transform = Transform3D(0.98663765, 0, -0.16292992, 0, 1, 0, 0.16292992, 0, 0.98663765, -26.5, 0.5, 0)

[node name="GreemFence90" parent="MiddleFence02" unique_id=1122148600 instance=ExtResource("3_ijrag")]
transform = Transform3D(1, 0, 0, 0, 1, 0, 0, 0, 1, -24.5, 0.5, 0)

[node name="GreemFence91" parent="MiddleFence02" unique_id=356155972 instance=ExtResource("3_ijrag")]
transform = Transform3D(1, 0, 0, 0, 1, 0, 0, 0, 1, -30.5, 0.5, 0)

[node name="GreemFence92" parent="MiddleFence02" unique_id=1479412502 instance=ExtResource("3_ijrag")]
transform = Transform3D(0.98663765, 0, -0.16292992, 0, 1, 0, 0.16292992, 0, 0.98663765, -28.5, 0.5, 0)

[node name="GreemFence93" parent="MiddleFence02" unique_id=1133764980 instance=ExtResource("3_ijrag")]
transform = Transform3D(0.9481131, 0, 0.31793356, 0, 1, 0, -0.31793356, 0, 0.9481131, -34.5, 0.5, 0)

[node name="GreemFence94" parent="MiddleFence02" unique_id=1847192607 instance=ExtResource("3_ijrag")]
transform = Transform3D(1, 0, 0, 0, 1, 0, 0, 0, 1, -32.5, 0.5, 0)

[node name="GreemFence95" parent="MiddleFence02" unique_id=273957887 instance=ExtResource("3_ijrag")]
transform = Transform3D(0.98663765, 0, -0.16292992, 0, 1, 0, 0.16292992, 0, 0.98663765, -38.5, 0.5, 0)

[node name="GreemFence96" parent="MiddleFence02" unique_id=893420703 instance=ExtResource("3_ijrag")]
transform = Transform3D(1, 0, 0, 0, 1, 0, 0, 0, 1, -36.5, 0.5, 0)

[node name="GreemFence97" parent="MiddleFence02" unique_id=2017653788 instance=ExtResource("3_ijrag")]
transform = Transform3D(1, 0, 0, 0, 1, 0, 0, 0, 1, -42.5, 0.5, 0)

[node name="GreemFence98" parent="MiddleFence02" unique_id=179702778 instance=ExtResource("3_ijrag")]
transform = Transform3D(0.98663765, 0, -0.16292992, 0, 1, 0, 0.16292992, 0, 0.98663765, -40.5, 0.5, 0)

[node name="GreemFence99" parent="MiddleFence02" unique_id=1089487713 instance=ExtResource("3_ijrag")]
transform = Transform3D(1, 0, 0, 0, 1, 0, 0, 0, 1, -46.5, 0.5, 0)

[node name="GreemFence100" parent="MiddleFence02" unique_id=2058664868 instance=ExtResource("3_ijrag")]
transform = Transform3D(1, 0, 0, 0, 1, 0, 0, 0, 1, -44.5, 0.5, 0)

[node name="GreemFence101" parent="MiddleFence02" unique_id=1036480798 instance=ExtResource("3_ijrag")]
transform = Transform3D(0.98663765, 0, -0.16292992, 0, 1, 0, 0.16292992, 0, 0.98663765, -50.5, 0.5, 0)

[node name="GreemFence102" parent="MiddleFence02" unique_id=1910203161 instance=ExtResource("3_ijrag")]
transform = Transform3D(0.9481131, 0, 0.31793356, 0, 1, 0, -0.31793356, 0, 0.9481131, -48.5, 0.5, 0)

[node name="GreemFence103" parent="MiddleFence02" unique_id=723410006 instance=ExtResource("3_ijrag")]
transform = Transform3D(1, 0, 0, 0, 1, 0, 0, 0, 1, -54.5, 0.5, 0)

[node name="GreemFence104" parent="MiddleFence02" unique_id=65706127 instance=ExtResource("3_ijrag")]
transform = Transform3D(0.98663765, 0, -0.16292992, 0, 1, 0, 0.16292992, 0, 0.98663765, -52.5, 0.5, 0)

[node name="GreemFence105" parent="MiddleFence02" unique_id=1806187826 instance=ExtResource("3_ijrag")]
transform = Transform3D(0.98663765, 0, -0.16292992, 0, 1, 0, 0.16292992, 0, 0.98663765, -58.5, 0.5, 0)

[node name="GreemFence106" parent="MiddleFence02" unique_id=1453283828 instance=ExtResource("3_ijrag")]
transform = Transform3D(0.98663765, 0, -0.16292992, 0, 1, 0, 0.16292992, 0, 0.98663765, -56.5, 0.5, 0)

[node name="GreemFence108" parent="MiddleFence02" unique_id=1134312826 instance=ExtResource("3_ijrag")]
transform = Transform3D(0.9481131, 0, 0.31793356, 0, 1, 0, -0.31793356, 0, 0.9481131, -60.5, 0.5, 0)

[node name="MiddleFence05" type="MeshInstance3D" parent="." unique_id=1309686629]
transform = Transform3D(1, 0, 0, 0, 1, 0, 0, 0, 1, -72, 0, -6)

[node name="GreemFence77" parent="MiddleFence05" unique_id=1334144084 instance=ExtResource("3_ijrag")]
transform = Transform3D(1, 0, 0, 0, 1, 0, 0, 0, 1, -2.5, 0.5, 0)

[node name="GreemFence78" parent="MiddleFence05" unique_id=1440016747 instance=ExtResource("3_ijrag")]
transform = Transform3D(1, 0, 0, 0, 1, 0, 0, 0, 1, -0.5, 0.5, 0)

[node name="GreemFence79" parent="MiddleFence05" unique_id=2016242263 instance=ExtResource("3_ijrag")]
transform = Transform3D(0.98663765, 0, -0.16292992, 0, 1, 0, 0.16292992, 0, 0.98663765, -6.5, 0.5, 0)

[node name="GreemFence80" parent="MiddleFence05" unique_id=1451309251 instance=ExtResource("3_ijrag")]
transform = Transform3D(1, 0, 0, 0, 1, 0, 0, 0, 1, -4.5, 0.5, 0)

[node name="GreemFence81" parent="MiddleFence05" unique_id=1573028369 instance=ExtResource("3_ijrag")]
transform = Transform3D(1, 0, 0, 0, 1, 0, 0, 0, 1, -10.5, 0.5, 0)

[node name="GreemFence82" parent="MiddleFence05" unique_id=436078872 instance=ExtResource("3_ijrag")]
transform = Transform3D(0.9481131, 0, 0.31793356, 0, 1, 0, -0.31793356, 0, 0.9481131, -8.5, 0.5, 0)

[node name="GreemFence83" parent="MiddleFence05" unique_id=1197011033 instance=ExtResource("3_ijrag")]
transform = Transform3D(1, 0, 0, 0, 1, 0, 0, 0, 1, -14.5, 0.5, 0)

[node name="GreemFence84" parent="MiddleFence05" unique_id=1009251305 instance=ExtResource("3_ijrag")]
transform = Transform3D(1, 0, 0, 0, 1, 0, 0, 0, 1, -12.5, 0.5, 0)

[node name="GreemFence85" parent="MiddleFence05" unique_id=402585234 instance=ExtResource("3_ijrag")]
transform = Transform3D(1, 0, 0, 0, 1, 0, 0, 0, 1, -18.5, 0.5, 0)

[node name="GreemFence86" parent="MiddleFence05" unique_id=2111124321 instance=ExtResource("3_ijrag")]
transform = Transform3D(0.98663765, 0, -0.16292992, 0, 1, 0, 0.16292992, 0, 0.98663765, -16.5, 0.5, 0)

[node name="GreemFence87" parent="MiddleFence05" unique_id=969004283 instance=ExtResource("3_ijrag")]
transform = Transform3D(0.9481131, 0, 0.31793356, 0, 1, 0, -0.31793356, 0, 0.9481131, -22.5, 0.5, 0)

[node name="GreemFence88" parent="MiddleFence05" unique_id=1250314412 instance=ExtResource("3_ijrag")]
transform = Transform3D(1, 0, 0, 0, 1, 0, 0, 0, 1, -20.5, 0.5, 0)

[node name="GreemFence89" parent="MiddleFence05" unique_id=1131601616 instance=ExtResource("3_ijrag")]
transform = Transform3D(1, 0, 0, 0, 1, 0, 0, 0, 1, -26.5, 0.5, 0)

[node name="GreemFence90" parent="MiddleFence05" unique_id=928900077 instance=ExtResource("3_ijrag")]
transform = Transform3D(0.98663765, 0, -0.16292992, 0, 1, 0, 0.16292992, 0, 0.98663765, -24.5, 0.5, 0)

[node name="GreemFence91" parent="MiddleFence05" unique_id=311204724 instance=ExtResource("3_ijrag")]
transform = Transform3D(1, 0, 0, 0, 1, 0, 0, 0, 1, -30.5, 0.5, 0)

[node name="GreemFence92" parent="MiddleFence05" unique_id=1226246868 instance=ExtResource("3_ijrag")]
transform = Transform3D(1, 0, 0, 0, 1, 0, 0, 0, 1, -28.5, 0.5, 0)

[node name="GreemFence93" parent="MiddleFence05" unique_id=1128810642 instance=ExtResource("3_ijrag")]
transform = Transform3D(1, 0, 0, 0, 1, 0, 0, 0, 1, -34.5, 0.5, 0)

[node name="GreemFence94" parent="MiddleFence05" unique_id=1951876246 instance=ExtResource("3_ijrag")]
transform = Transform3D(1, 0, 0, 0, 1, 0, 0, 0, 1, -32.5, 0.5, 0)

[node name="GreemFence95" parent="MiddleFence05" unique_id=800288025 instance=ExtResource("3_ijrag")]
transform = Transform3D(1, 0, 0, 0, 1, 0, 0, 0, 1, -38.5, 0.5, 0)

[node name="GreemFence96" parent="MiddleFence05" unique_id=1844829748 instance=ExtResource("3_ijrag")]
transform = Transform3D(1, 0, 0, 0, 1, 0, 0, 0, 1, -36.5, 0.5, 0)

[node name="GreemFence97" parent="MiddleFence05" unique_id=49909629 instance=ExtResource("3_ijrag")]
transform = Transform3D(0.98663765, 0, -0.16292992, 0, 1, 0, 0.16292992, 0, 0.98663765, -42.5, 0.5, 0)

[node name="GreemFence98" parent="MiddleFence05" unique_id=706029125 instance=ExtResource("3_ijrag")]
transform = Transform3D(1, 0, 0, 0, 1, 0, 0, 0, 1, -40.5, 0.5, 0)

[node name="GreemFence99" parent="MiddleFence05" unique_id=2013059403 instance=ExtResource("3_ijrag")]
transform = Transform3D(1, 0, 0, 0, 1, 0, 0, 0, 1, -46.5, 0.5, 0)

[node name="GreemFence100" parent="MiddleFence05" unique_id=585001470 instance=ExtResource("3_ijrag")]
transform = Transform3D(0.98663765, 0, -0.16292992, 0, 1, 0, 0.16292992, 0, 0.98663765, -44.5, 0.5, 0)

[node name="GreemFence101" parent="MiddleFence05" unique_id=443296544 instance=ExtResource("3_ijrag")]
transform = Transform3D(1, 0, 0, 0, 1, 0, 0, 0, 1, -50.5, 0.5, 0)

[node name="GreemFence102" parent="MiddleFence05" unique_id=1084288995 instance=ExtResource("3_ijrag")]
transform = Transform3D(0.98724496, 0, 0.15920922, 0, 1, 0, -0.15920922, 0, 0.98724496, -48.5, 0.5, 0)

[node name="GreemFence103" parent="MiddleFence05" unique_id=1918075370 instance=ExtResource("3_ijrag")]
transform = Transform3D(1, 0, 0, 0, 1, 0, 0, 0, 1, -54.5, 0.5, 0)

[node name="GreemFence104" parent="MiddleFence05" unique_id=1699312319 instance=ExtResource("3_ijrag")]
transform = Transform3D(1, 0, 0, 0, 1, 0, 0, 0, 1, -52.5, 0.5, 0)

[node name="GreemFence105" parent="MiddleFence05" unique_id=1649172615 instance=ExtResource("3_ijrag")]
transform = Transform3D(1, 0, 0, 0, 1, 0, 0, 0, 1, -58.5, 0.5, 0)

[node name="GreemFence106" parent="MiddleFence05" unique_id=775891725 instance=ExtResource("3_ijrag")]
transform = Transform3D(0.98663765, 0, -0.16292992, 0, 1, 0, 0.16292992, 0, 0.98663765, -56.5, 0.5, 0)

[node name="GreemFence107" parent="MiddleFence05" unique_id=455347768 instance=ExtResource("3_ijrag")]
transform = Transform3D(0.98724496, 0, 0.15920922, 0, 1, 0, -0.15920922, 0, 0.98724496, -62.5, 0.5, 0)

[node name="GreemFence108" parent="MiddleFence05" unique_id=153501371 instance=ExtResource("3_ijrag")]
transform = Transform3D(1, 0, 0, 0, 1, 0, 0, 0, 1, -60.5, 0.5, 0)

[node name="MiddleFence06" type="MeshInstance3D" parent="." unique_id=2053624270]
transform = Transform3D(1, 0, 0, 0, 1, 0, 0, 0, 1, -144, 0, -6)

[node name="GreemFence73" parent="MiddleFence06" unique_id=2120280893 instance=ExtResource("3_ijrag")]
transform = Transform3D(0.98663765, 0, -0.16292992, 0, 1, 0, 0.16292992, 0, 0.98663765, 5.5, 0.5, 0)

[node name="GreemFence74" parent="MiddleFence06" unique_id=729922648 instance=ExtResource("3_ijrag")]
transform = Transform3D(1, 0, 0, 0, 1, 0, 0, 0, 1, 7.5, 0.5, 0)

[node name="GreemFence75" parent="MiddleFence06" unique_id=1654927357 instance=ExtResource("3_ijrag")]
transform = Transform3D(1, 0, 0, 0, 1, 0, 0, 0, 1, 1.5, 0.5, 0)

[node name="GreemFence76" parent="MiddleFence06" unique_id=1906983840 instance=ExtResource("3_ijrag")]
transform = Transform3D(1, 0, 0, 0, 1, 0, 0, 0, 1, 3.5, 0.5, 0)

[node name="GreemFence77" parent="MiddleFence06" unique_id=96864178 instance=ExtResource("3_ijrag")]
transform = Transform3D(1, 0, 0, 0, 1, 0, 0, 0, 1, -2.5, 0.5, 0)

[node name="GreemFence78" parent="MiddleFence06" unique_id=363012124 instance=ExtResource("3_ijrag")]
transform = Transform3D(0.98663765, 0, -0.16292992, 0, 1, 0, 0.16292992, 0, 0.98663765, -0.5, 0.5, 0)

[node name="GreemFence79" parent="MiddleFence06" unique_id=1009349910 instance=ExtResource("3_ijrag")]
transform = Transform3D(1, 0, 0, 0, 1, 0, 0, 0, 1, -6.5, 0.5, 0)

[node name="GreemFence80" parent="MiddleFence06" unique_id=1138211292 instance=ExtResource("3_ijrag")]
transform = Transform3D(1, 0, 0, 0, 1, 0, 0, 0, 1, -4.5, 0.5, 0)

[node name="GreemFence81" parent="MiddleFence06" unique_id=96093176 instance=ExtResource("3_ijrag")]
transform = Transform3D(1, 0, 0, 0, 1, 0, 0, 0, 1, -10.5, 0.5, 0)

[node name="GreemFence82" parent="MiddleFence06" unique_id=191090170 instance=ExtResource("3_ijrag")]
transform = Transform3D(1, 0, 0, 0, 1, 0, 0, 0, 1, -8.5, 0.5, 0)

[node name="GreemFence83" parent="MiddleFence06" unique_id=604542521 instance=ExtResource("3_ijrag")]
transform = Transform3D(1, 0, 0, 0, 1, 0, 0, 0, 1, -14.5, 0.5, 0)

[node name="GreemFence84" parent="MiddleFence06" unique_id=321706685 instance=ExtResource("3_ijrag")]
transform = Transform3D(0.98663765, 0, -0.16292992, 0, 1, 0, 0.16292992, 0, 0.98663765, -12.5, 0.5, 0)

[node name="GreemFence85" parent="MiddleFence06" unique_id=1625865534 instance=ExtResource("3_ijrag")]
transform = Transform3D(1, 0, 0, 0, 1, 0, 0, 0, 1, -18.5, 0.5, 0)

[node name="GreemFence86" parent="MiddleFence06" unique_id=1151657875 instance=ExtResource("3_ijrag")]
transform = Transform3D(1, 0, 0, 0, 1, 0, 0, 0, 1, -16.5, 0.5, 0)

[node name="GreemFence87" parent="MiddleFence06" unique_id=1236223936 instance=ExtResource("3_ijrag")]
transform = Transform3D(1, 0, 0, 0, 1, 0, 0, 0, 1, -22.5, 0.5, 0)

[node name="GreemFence88" parent="MiddleFence06" unique_id=583611453 instance=ExtResource("3_ijrag")]
transform = Transform3D(1, 0, 0, 0, 1, 0, 0, 0, 1, -20.5, 0.5, 0)

[node name="GreemFence89" parent="MiddleFence06" unique_id=1738210339 instance=ExtResource("3_ijrag")]
transform = Transform3D(1, 0, 0, 0, 1, 0, 0, 0, 1, -26.5, 0.5, 0)

[node name="GreemFence90" parent="MiddleFence06" unique_id=1402316657 instance=ExtResource("3_ijrag")]
transform = Transform3D(1, 0, 0, 0, 1, 0, 0, 0, 1, -24.5, 0.5, 0)

[node name="GreemFence91" parent="MiddleFence06" unique_id=132267430 instance=ExtResource("3_ijrag")]
transform = Transform3D(0.98663765, 0, -0.16292992, 0, 1, 0, 0.16292992, 0, 0.98663765, -30.5, 0.5, 0)

[node name="GreemFence92" parent="MiddleFence06" unique_id=1736162612 instance=ExtResource("3_ijrag")]
transform = Transform3D(1, 0, 0, 0, 1, 0, 0, 0, 1, -28.5, 0.5, 0)

[node name="GreemFence93" parent="MiddleFence06" unique_id=1482836356 instance=ExtResource("3_ijrag")]
transform = Transform3D(1, 0, 0, 0, 1, 0, 0, 0, 1, -34.5, 0.5, 0)

[node name="GreemFence94" parent="MiddleFence06" unique_id=257338018 instance=ExtResource("3_ijrag")]
transform = Transform3D(1, 0, 0, 0, 1, 0, 0, 0, 1, -32.5, 0.5, 0)

[node name="GreemFence95" parent="MiddleFence06" unique_id=84566210 instance=ExtResource("3_ijrag")]
transform = Transform3D(1, 0, 0, 0, 1, 0, 0, 0, 1, -38.5, 0.5, 0)

[node name="GreemFence96" parent="MiddleFence06" unique_id=1560044010 instance=ExtResource("3_ijrag")]
transform = Transform3D(0.98663765, 0, -0.16292992, 0, 1, 0, 0.16292992, 0, 0.98663765, -36.5, 0.5, 0)

[node name="GreemFence97" parent="MiddleFence06" unique_id=1370564499 instance=ExtResource("3_ijrag")]
transform = Transform3D(1, 0, 0, 0, 1, 0, 0, 0, 1, -42.5, 0.5, 0)

[node name="GreemFence98" parent="MiddleFence06" unique_id=2028038781 instance=ExtResource("3_ijrag")]
transform = Transform3D(1, 0, 0, 0, 1, 0, 0, 0, 1, -40.5, 0.5, 0)

[node name="GreemFence99" parent="MiddleFence06" unique_id=791246642 instance=ExtResource("3_ijrag")]
transform = Transform3D(1, 0, 0, 0, 1, 0, 0, 0, 1, -46.5, 0.5, 0)

[node name="GreemFence100" parent="MiddleFence06" unique_id=882605639 instance=ExtResource("3_ijrag")]
transform = Transform3D(1, 0, 0, 0, 1, 0, 0, 0, 1, -44.5, 0.5, 0)

[node name="GreemFence101" parent="MiddleFence06" unique_id=1296058154 instance=ExtResource("3_ijrag")]
transform = Transform3D(1, 0, 0, 0, 1, 0, 0, 0, 1, -50.5, 0.5, 0)

[node name="GreemFence102" parent="MiddleFence06" unique_id=1187141213 instance=ExtResource("3_ijrag")]
transform = Transform3D(1, 0, 0, 0, 1, 0, 0, 0, 1, -48.5, 0.5, 0)

[node name="GreemFence103" parent="MiddleFence06" unique_id=2118846759 instance=ExtResource("3_ijrag")]
transform = Transform3D(1, 0, 0, 0, 1, 0, 0, 0, 1, -54.5, 0.5, 0)

[node name="GreemFence104" parent="MiddleFence06" unique_id=1766693730 instance=ExtResource("3_ijrag")]
transform = Transform3D(1, 0, 0, 0, 1, 0, 0, 0, 1, -52.5, 0.5, 0)

[node name="GreemFence105" parent="MiddleFence06" unique_id=623527385 instance=ExtResource("3_ijrag")]
transform = Transform3D(0.98663765, 0, -0.16292992, 0, 1, 0, 0.16292992, 0, 0.98663765, -58.5, 0.5, 0)

[node name="GreemFence106" parent="MiddleFence06" unique_id=696926281 instance=ExtResource("3_ijrag")]
transform = Transform3D(1, 0, 0, 0, 1, 0, 0, 0, 1, -56.5, 0.5, 0)

[node name="GreemFence107" parent="MiddleFence06" unique_id=195173134 instance=ExtResource("3_ijrag")]
transform = Transform3D(1, 0, 0, 0, 1, 0, 0, 0, 1, -62.5, 0.5, 0)

[node name="GreemFence108" parent="MiddleFence06" unique_id=1659235089 instance=ExtResource("3_ijrag")]
transform = Transform3D(1, 0, 0, 0, 1, 0, 0, 0, 1, -60.5, 0.5, 0)

[node name="MiddleFence07" type="MeshInstance3D" parent="." unique_id=2134353991]
transform = Transform3D(1, 0, 0, 0, 1, 0, 0, 0, 1, -216, 0, -6)

[node name="GreemFence73" parent="MiddleFence07" unique_id=565351394 instance=ExtResource("3_ijrag")]
transform = Transform3D(1, 0, 0, 0, 1, 0, 0, 0, 1, 5.5, 0.5, 0)

[node name="GreemFence74" parent="MiddleFence07" unique_id=1618324401 instance=ExtResource("3_ijrag")]
transform = Transform3D(0.98663765, 0, -0.16292992, 0, 1, 0, 0.16292992, 0, 0.98663765, 7.5, 0.5, 0)

[node name="GreemFence75" parent="MiddleFence07" unique_id=605922900 instance=ExtResource("3_ijrag")]
transform = Transform3D(1, 0, 0, 0, 1, 0, 0, 0, 1, 1.5, 0.5, 0)

[node name="GreemFence76" parent="MiddleFence07" unique_id=1538060916 instance=ExtResource("3_ijrag")]
transform = Transform3D(1, 0, 0, 0, 1, 0, 0, 0, 1, 3.5, 0.5, 0)

[node name="GreemFence77" parent="MiddleFence07" unique_id=570224034 instance=ExtResource("3_ijrag")]
transform = Transform3D(1, 0, 0, 0, 1, 0, 0, 0, 1, -2.5, 0.5, 0)

[node name="GreemFence78" parent="MiddleFence07" unique_id=600735464 instance=ExtResource("3_ijrag")]
transform = Transform3D(1, 0, 0, 0, 1, 0, 0, 0, 1, -0.5, 0.5, 0)

[node name="GreemFence79" parent="MiddleFence07" unique_id=686951385 instance=ExtResource("3_ijrag")]
transform = Transform3D(1, 0, 0, 0, 1, 0, 0, 0, 1, -6.5, 0.5, 0)

[node name="GreemFence80" parent="MiddleFence07" unique_id=479078514 instance=ExtResource("3_ijrag")]
transform = Transform3D(1, 0, 0, 0, 1, 0, 0, 0, 1, -4.5, 0.5, 0)

[node name="GreemFence81" parent="MiddleFence07" unique_id=2092411960 instance=ExtResource("3_ijrag")]
transform = Transform3D(0.98663765, 0, -0.16292992, 0, 1, 0, 0.16292992, 0, 0.98663765, -10.5, 0.5, 0)

[node name="GreemFence82" parent="MiddleFence07" unique_id=167396340 instance=ExtResource("3_ijrag")]
transform = Transform3D(1, 0, 0, 0, 1, 0, 0, 0, 1, -8.5, 0.5, 0)

[node name="GreemFence83" parent="MiddleFence07" unique_id=735150221 instance=ExtResource("3_ijrag")]
transform = Transform3D(1, 0, 0, 0, 1, 0, 0, 0, 1, -14.5, 0.5, 0)

[node name="GreemFence84" parent="MiddleFence07" unique_id=924243199 instance=ExtResource("3_ijrag")]
transform = Transform3D(1, 0, 0, 0, 1, 0, 0, 0, 1, -12.5, 0.5, 0)

[node name="GreemFence85" parent="MiddleFence07" unique_id=428152673 instance=ExtResource("3_ijrag")]
transform = Transform3D(1, 0, 0, 0, 1, 0, 0, 0, 1, -18.5, 0.5, 0)

[node name="GreemFence86" parent="MiddleFence07" unique_id=293886011 instance=ExtResource("3_ijrag")]
transform = Transform3D(0.98663765, 0, -0.16292992, 0, 1, 0, 0.16292992, 0, 0.98663765, -16.5, 0.5, 0)

[node name="GreemFence87" parent="MiddleFence07" unique_id=2068736596 instance=ExtResource("3_ijrag")]
transform = Transform3D(1, 0, 0, 0, 1, 0, 0, 0, 1, -22.5, 0.5, 0)

[node name="GreemFence88" parent="MiddleFence07" unique_id=1032271476 instance=ExtResource("3_ijrag")]
transform = Transform3D(0.98663765, 0, -0.16292992, 0, 1, 0, 0.16292992, 0, 0.98663765, -20.5, 0.5, 0)

[node name="GreemFence89" parent="MiddleFence07" unique_id=258690721 instance=ExtResource("3_ijrag")]
transform = Transform3D(1, 0, 0, 0, 1, 0, 0, 0, 1, -26.5, 0.5, 0)

[node name="GreemFence90" parent="MiddleFence07" unique_id=988421348 instance=ExtResource("3_ijrag")]
transform = Transform3D(1, 0, 0, 0, 1, 0, 0, 0, 1, -24.5, 0.5, 0)

[node name="GreemFence91" parent="MiddleFence07" unique_id=1421042501 instance=ExtResource("3_ijrag")]
transform = Transform3D(1, 0, 0, 0, 1, 0, 0, 0, 1, -30.5, 0.5, 0)

[node name="GreemFence92" parent="MiddleFence07" unique_id=630078444 instance=ExtResource("3_ijrag")]
transform = Transform3D(1, 0, 0, 0, 1, 0, 0, 0, 1, -28.5, 0.5, 0)

[node name="GreemFence93" parent="MiddleFence07" unique_id=995353447 instance=ExtResource("3_ijrag")]
transform = Transform3D(1, 0, 0, 0, 1, 0, 0, 0, 1, -34.5, 0.5, 0)

[node name="GreemFence94" parent="MiddleFence07" unique_id=826036587 instance=ExtResource("3_ijrag")]
transform = Transform3D(1, 0, 0, 0, 1, 0, 0, 0, 1, -32.5, 0.5, 0)

[node name="GreemFence95" parent="MiddleFence07" unique_id=1426923515 instance=ExtResource("3_ijrag")]
transform = Transform3D(0.98663765, 0, -0.16292992, 0, 1, 0, 0.16292992, 0, 0.98663765, -38.5, 0.5, 0)

[node name="GreemFence96" parent="MiddleFence07" unique_id=2136642379 instance=ExtResource("3_ijrag")]
transform = Transform3D(1, 0, 0, 0, 1, 0, 0, 0, 1, -36.5, 0.5, 0)

[node name="GreemFence97" parent="MiddleFence07" unique_id=2126848637 instance=ExtResource("3_ijrag")]
transform = Transform3D(1, 0, 0, 0, 1, 0, 0, 0, 1, -42.5, 0.5, 0)

[node name="GreemFence98" parent="MiddleFence07" unique_id=30115099 instance=ExtResource("3_ijrag")]
transform = Transform3D(1, 0, 0, 0, 1, 0, 0, 0, 1, -40.5, 0.5, 0)

[node name="GreemFence99" parent="MiddleFence07" unique_id=1593637156 instance=ExtResource("3_ijrag")]
transform = Transform3D(0.98663765, 0, -0.16292992, 0, 1, 0, 0.16292992, 0, 0.98663765, -46.5, 0.5, 0)

[node name="GreemFence100" parent="MiddleFence07" unique_id=1598733793 instance=ExtResource("3_ijrag")]
transform = Transform3D(1, 0, 0, 0, 1, 0, 0, 0, 1, -44.5, 0.5, 0)

[node name="GreemFence101" parent="MiddleFence07" unique_id=19135479 instance=ExtResource("3_ijrag")]
transform = Transform3D(1, 0, 0, 0, 1, 0, 0, 0, 1, -50.5, 0.5, 0)

[node name="GreemFence102" parent="MiddleFence07" unique_id=601392387 instance=ExtResource("3_ijrag")]
transform = Transform3D(1, 0, 0, 0, 1, 0, 0, 0, 1, -48.5, 0.5, 0)

[node name="GreemFence103" parent="MiddleFence07" unique_id=408903279 instance=ExtResource("3_ijrag")]
transform = Transform3D(1, 0, 0, 0, 1, 0, 0, 0, 1, -54.5, 0.5, 0)

[node name="GreemFence104" parent="MiddleFence07" unique_id=55013428 instance=ExtResource("3_ijrag")]
transform = Transform3D(0.98663765, 0, -0.16292992, 0, 1, 0, 0.16292992, 0, 0.98663765, -52.5, 0.5, 0)

[node name="GreemFence105" parent="MiddleFence07" unique_id=24036258 instance=ExtResource("3_ijrag")]
transform = Transform3D(1, 0, 0, 0, 1, 0, 0, 0, 1, -58.5, 0.5, 0)

[node name="GreemFence106" parent="MiddleFence07" unique_id=1271299949 instance=ExtResource("3_ijrag")]
transform = Transform3D(1, 0, 0, 0, 1, 0, 0, 0, 1, -56.5, 0.5, 0)

[node name="GreemFence107" parent="MiddleFence07" unique_id=12487621 instance=ExtResource("3_ijrag")]
transform = Transform3D(1, 0, 0, 0, 1, 0, 0, 0, 1, -62.5, 0.5, 0)

[node name="GreemFence108" parent="MiddleFence07" unique_id=816346555 instance=ExtResource("3_ijrag")]
transform = Transform3D(1, 0, 0, 0, 1, 0, 0, 0, 1, -60.5, 0.5, 0)

[node name="MiddleFence09" type="MeshInstance3D" parent="." unique_id=527050530]
transform = Transform3D(1, 0, 0, 0, 1, 0, 0, 0, 1, 72, 0, -6)

[node name="GreemFence73" parent="MiddleFence09" unique_id=1455716793 instance=ExtResource("3_ijrag")]
transform = Transform3D(1, 0, 0, 0, 1, 0, 0, 0, 1, 5.5, 0.5, 0)

[node name="GreemFence74" parent="MiddleFence09" unique_id=777354259 instance=ExtResource("3_ijrag")]
transform = Transform3D(1, 0, 0, 0, 1, 0, 0, 0, 1, 7.5, 0.5, 0)

[node name="GreemFence75" parent="MiddleFence09" unique_id=1826541530 instance=ExtResource("3_ijrag")]
transform = Transform3D(1, 0, 0, 0, 1, 0, 0, 0, 1, 1.5, 0.5, 0)

[node name="GreemFence76" parent="MiddleFence09" unique_id=1999803654 instance=ExtResource("3_ijrag")]
transform = Transform3D(1, 0, 0, 0, 1, 0, 0, 0, 1, 3.5, 0.5, 0)

[node name="GreemFence77" parent="MiddleFence09" unique_id=281857441 instance=ExtResource("3_ijrag")]
transform = Transform3D(1, 0, 0, 0, 1, 0, 0, 0, 1, -2.5, 0.5, 0)

[node name="GreemFence78" parent="MiddleFence09" unique_id=1992084770 instance=ExtResource("3_ijrag")]
transform = Transform3D(1, 0, 0, 0, 1, 0, 0, 0, 1, -0.5, 0.5, 0)

[node name="GreemFence79" parent="MiddleFence09" unique_id=1168121263 instance=ExtResource("3_ijrag")]
transform = Transform3D(1, 0, 0, 0, 1, 0, 0, 0, 1, -6.5, 0.5, 0)

[node name="GreemFence80" parent="MiddleFence09" unique_id=689450799 instance=ExtResource("3_ijrag")]
transform = Transform3D(1, 0, 0, 0, 1, 0, 0, 0, 1, -4.5, 0.5, 0)

[node name="GreemFence81" parent="MiddleFence09" unique_id=2001604580 instance=ExtResource("3_ijrag")]
transform = Transform3D(1, 0, 0, 0, 1, 0, 0, 0, 1, -10.5, 0.5, 0)

[node name="GreemFence82" parent="MiddleFence09" unique_id=781483988 instance=ExtResource("3_ijrag")]
transform = Transform3D(1, 0, 0, 0, 1, 0, 0, 0, 1, -8.5, 0.5, 0)

[node name="GreemFence83" parent="MiddleFence09" unique_id=1506372728 instance=ExtResource("3_ijrag")]
transform = Transform3D(1, 0, 0, 0, 1, 0, 0, 0, 1, -14.5, 0.5, 0)

[node name="GreemFence84" parent="MiddleFence09" unique_id=1290843519 instance=ExtResource("3_ijrag")]
transform = Transform3D(1, 0, 0, 0, 1, 0, 0, 0, 1, -12.5, 0.5, 0)

[node name="GreemFence85" parent="MiddleFence09" unique_id=711144314 instance=ExtResource("3_ijrag")]
transform = Transform3D(1, 0, 0, 0, 1, 0, 0, 0, 1, -18.5, 0.5, 0)

[node name="GreemFence86" parent="MiddleFence09" unique_id=1817455654 instance=ExtResource("3_ijrag")]
transform = Transform3D(1, 0, 0, 0, 1, 0, 0, 0, 1, -16.5, 0.5, 0)

[node name="GreemFence87" parent="MiddleFence09" unique_id=865199024 instance=ExtResource("3_ijrag")]
transform = Transform3D(1, 0, 0, 0, 1, 0, 0, 0, 1, -22.5, 0.5, 0)

[node name="GreemFence88" parent="MiddleFence09" unique_id=339363723 instance=ExtResource("3_ijrag")]
transform = Transform3D(1, 0, 0, 0, 1, 0, 0, 0, 1, -20.5, 0.5, 0)

[node name="GreemFence89" parent="MiddleFence09" unique_id=1343608528 instance=ExtResource("3_ijrag")]
transform = Transform3D(1, 0, 0, 0, 1, 0, 0, 0, 1, -26.5, 0.5, 0)

[node name="GreemFence90" parent="MiddleFence09" unique_id=1120185676 instance=ExtResource("3_ijrag")]
transform = Transform3D(1, 0, 0, 0, 1, 0, 0, 0, 1, -24.5, 0.5, 0)

[node name="GreemFence91" parent="MiddleFence09" unique_id=217010223 instance=ExtResource("3_ijrag")]
transform = Transform3D(1, 0, 0, 0, 1, 0, 0, 0, 1, -30.5, 0.5, 0)

[node name="GreemFence92" parent="MiddleFence09" unique_id=1267126302 instance=ExtResource("3_ijrag")]
transform = Transform3D(1, 0, 0, 0, 1, 0, 0, 0, 1, -28.5, 0.5, 0)

[node name="GreemFence93" parent="MiddleFence09" unique_id=701162567 instance=ExtResource("3_ijrag")]
transform = Transform3D(1, 0, 0, 0, 1, 0, 0, 0, 1, -34.5, 0.5, 0)

[node name="GreemFence94" parent="MiddleFence09" unique_id=1986102711 instance=ExtResource("3_ijrag")]
transform = Transform3D(1, 0, 0, 0, 1, 0, 0, 0, 1, -32.5, 0.5, 0)

[node name="GreemFence95" parent="MiddleFence09" unique_id=1424256337 instance=ExtResource("3_ijrag")]
transform = Transform3D(1, 0, 0, 0, 1, 0, 0, 0, 1, -38.5, 0.5, 0)

[node name="GreemFence96" parent="MiddleFence09" unique_id=941501400 instance=ExtResource("3_ijrag")]
transform = Transform3D(1, 0, 0, 0, 1, 0, 0, 0, 1, -36.5, 0.5, 0)

[node name="GreemFence97" parent="MiddleFence09" unique_id=1425916785 instance=ExtResource("3_ijrag")]
