[gd_scene format=3 uid="uid://bd7pagsi67ay5"]

[ext_resource type="PackedScene" uid="uid://dm3rgmlareuxk" path="res://models/enemies/All zombie fix.glb" id="1_e035i"]
[ext_resource type="Script" uid="uid://rk4yb4oq18ft" path="res://scripts/enemy/hitbox_zone.gd" id="2_bnhrn"]
[ext_resource type="Script" uid="uid://dhc80rjjahn72" path="res://scenes/enemy/attack_hitbox.gd" id="3_dhc5f"]

[sub_resource type="SphereShape3D" id="SphereShape3D_dhc5f"]
radius = 0.17520592

[sub_resource type="BoxShape3D" id="BoxShape3D_qof7f"]
size = Vector3(0.19885254, 0.40382385, 0.16925049)

[sub_resource type="BoxShape3D" id="BoxShape3D_dhc5f"]
size = Vector3(0.19885254, 0.40382385, 0.16925049)

[sub_resource type="CapsuleShape3D" id="CapsuleShape3D_t8m5d"]
radius = 0.080566406
height = 0.30282497

[sub_resource type="CapsuleShape3D" id="CapsuleShape3D_locf5"]
radius = 0.123535156
height = 0.24707031

[sub_resource type="CapsuleShape3D" id="CapsuleShape3D_dhc5f"]
radius = 0.123535156
height = 0.24707031

[sub_resource type="CapsuleShape3D" id="CapsuleShape3D_if1kg"]
radius = 0.080566406
height = 0.40585232

[sub_resource type="CapsuleShape3D" id="CapsuleShape3D_c0qx7"]
radius = 0.080566406
height = 0.29012966

[sub_resource type="CapsuleShape3D" id="CapsuleShape3D_isfon"]
radius = 0.10498047
height = 0.26757813

[sub_resource type="CapsuleShape3D" id="CapsuleShape3D_mpebe"]
radius = 0.10498047
height = 0.26757813

[sub_resource type="CapsuleShape3D" id="CapsuleShape3D_bnhrn"]
radius = 0.080566406
height = 0.38725233

[sub_resource type="CapsuleShape3D" id="CapsuleShape3D_vpt1t"]
radius = 0.09082031
height = 0.5391078

[sub_resource type="CapsuleShape3D" id="CapsuleShape3D_qof7f"]
radius = 0.07763672
height = 0.49423122

[sub_resource type="CapsuleShape3D" id="CapsuleShape3D_87tvm"]
radius = 0.07763672
height = 0.49423122

[sub_resource type="CapsuleShape3D" id="CapsuleShape3D_7qy5o"]
radius = 0.09082031
height = 0.5391078

[sub_resource type="BoxShape3D" id="BoxShape3D_isfon"]
size = Vector3(0.20745182, 0.17785561, 0.18688202)

[sub_resource type="BoxShape3D" id="BoxShape3D_r4aki"]
size = Vector3(0.310524, 0.22752942, 0.2316513)

[sub_resource type="BoxShape3D" id="BoxShape3D_bnhrn"]
size = Vector3(0.30628967, 0.17455387, 0.17154694)

[sub_resource type="AnimationLibrary" id="AnimationLibrary_dhc5f"]

[sub_resource type="AnimationLibrary" id="AnimationLibrary_qof7f"]

[node name="All zombie fix" unique_id=867409154 instance=ExtResource("1_e035i")]
transform = Transform3D(-1, 0, -8.742278e-08, 0, 1, 0, 8.742278e-08, 0, -1, 0, 0, 0)

[node name="Skeleton3D" parent="rig_001" parent_id_path=PackedInt32Array(547526448) index="0" unique_id=322698158]
bones/0/position = Vector3(-0.0055161086, 0.883087, -0.02838752)
bones/0/rotation = Quaternion(0.004789689, 0.082570255, -0.032586094, 0.9960409)
bones/0/scale = Vector3(0.9999987, 0.9999989, 0.9999976)
bones/1/rotation = Quaternion(0.0051921867, 0.00038544013, 0.021424131, 0.99975693)
bones/1/scale = Vector3(0.9999998, 1.0000002, 0.9999998)
bones/2/rotation = Quaternion(-0.056544952, 0.03895309, -0.03480552, 0.9970325)
bones/2/scale = Vector3(1.0000015, 1.0000006, 1.000002)
bones/3/rotation = Quaternion(-0.049287308, 0.103942916, 0.018302035, 0.99319273)
bones/3/scale = Vector3(0.99999964, 1.0000006, 1.0000001)
bones/4/rotation = Quaternion(0.6412311, -0.063199095, 0.048774466, 0.76318395)
bones/5/rotation = Quaternion(-0.48633835, 0.0029076738, -0.0016191874, 0.87376434)
bones/6/rotation = Quaternion(0.02154074, -0.03522774, 0.07081198, 0.9966347)
bones/7/position = Vector3(-0.0023610664, 0.8683598, -0.018595261)
bones/7/rotation = Quaternion(-0.26626888, -0.6930615, -0.38397336, 0.54893637)
bones/7/scale = Vector3(0.99999756, 0.99999774, 0.99999964)
bones/8/position = Vector3(-0.007204231, 0.8686688, -0.017804556)
bones/8/rotation = Quaternion(-0.15435208, 0.78967756, 0.38660237, 0.450692)
bones/8/scale = Vector3(0.9999982, 0.9999993, 0.9999978)
bones/9/position = Vector3(0.06278607, 0.79562485, -0.043109376)
bones/9/rotation = Quaternion(0.93513924, 0.16661102, -0.21771911, 0.22439638)
bones/9/scale = Vector3(1.0047809, 0.9905067, 1.0047809)
bones/10/rotation = Quaternion(-1.45884815e-08, -0.07815988, -5.4702703e-08, 0.99694085)
bones/11/rotation = Quaternion(0.25607464, -0.07800621, 0.020579098, 0.9632847)
bones/11/scale = Vector3(0.99975604, 0.99681246, 1.0035211)
bones/12/rotation = Quaternion(4.1203005e-08, 0.04576016, -1.6227009e-08, 0.9989525)
bones/13/rotation = Quaternion(-0.6545338, 0.09325887, 0.12500957, 0.73977095)
bones/13/scale = Vector3(0.9956241, 0.99545383, 1.0089964)
bones/14/rotation = Quaternion(-0.06849764, 0.9955997, -0.06379195, -0.0044690026)
bones/14/scale = Vector3(0.99990916, 1.0001935, 0.999887)
bones/15/position = Vector3(-0.08523765, 0.80506927, -0.018943246)
bones/15/rotation = Quaternion(0.9806894, -0.18264389, 0.06885832, 0.012168727)
bones/15/scale = Vector3(1.0051572, 0.9897645, 1.0051575)
bones/16/rotation = Quaternion(1.13011875e-08, 0.17484015, -4.9556723e-09, 0.98459685)
bones/17/rotation = Quaternion(0.26467386, 0.17534634, -0.048604477, 0.9470159)
bones/17/scale = Vector3(0.99974203, 0.99638796, 1.0039779)
bones/18/rotation = Quaternion(-2.8529207e-08, 0.11055137, -1.3526589e-08, 0.99387044)
bones/18/scale = Vector3(1.0000006, 1.0000002, 1.0000087)
bones/19/rotation = Quaternion(-0.7400862, 0.06594951, -0.13058238, 0.65640795)
bones/19/scale = Vector3(0.9959801, 0.9951807, 1.0089431)
bones/20/rotation = Quaternion(0.06850405, 0.9955927, -0.06389277, 0.004475734)
bones/20/scale = Vector3(0.99997365, 1.0000637, 0.9999519)
bones/21/position = Vector3(0.15557042, 1.2743108, -0.14055556)
bones/21/rotation = Quaternion(0.924322, -0.016473264, 0.31783426, -0.21056782)
bones/22/position = Vector3(0.18535426, 1.1061846, -0.19861147)
bones/22/rotation = Quaternion(-0.04638876, 0.16863458, -0.9822205, 0.06821635)
bones/23/rotation = Quaternion(1.9047035e-07, 0.009709981, 6.6153675e-08, 0.99995285)
bones/24/rotation = Quaternion(0.14145432, 0.0091226855, 0.049682993, 0.9886552)
bones/25/rotation = Quaternion(-7.165428e-08, 0.020481851, 3.8149302e-08, 0.99979025)
bones/26/rotation = Quaternion(0.20859915, 0.02441709, 0.001685886, 0.977695)
bones/27/position = Vector3(-0.12256081, 1.2984784, -0.099975355)
bones/27/rotation = Quaternion(0.80488104, -0.029828701, -0.48440063, -0.34151575)
bones/28/position = Vector3(-0.19623467, 1.1534615, -0.1778616)
bones/28/rotation = Quaternion(0.15603131, -0.27380264, 0.9366302, 0.15300411)
bones/29/rotation = Quaternion(-3.0100118e-08, -0.079894304, -1.0809986e-07, 0.9968034)
bones/30/rotation = Quaternion(0.2897027, -0.079894036, -0.3898345, 0.8704702)
bones/31/rotation = Quaternion(-1.4373266e-07, 0.008227332, -5.119885e-07, 0.99996614)
bones/32/rotation = Quaternion(0.2569147, 0.003367409, -0.10468265, 0.960742)
bones/33/position = Vector3(0.05233178, 1.2568635, -0.09775725)
bones/33/rotation = Quaternion(0.18982254, 0.6818048, 0.69498324, -0.12691715)
bones/34/position = Vector3(-0.048867878, 1.2666883, -0.047527894)
bones/34/rotation = Quaternion(0.18982247, 0.6818047, 0.6949833, -0.12691724)

[node name="HitboxAttachHead" type="BoneAttachment3D" parent="rig_001/Skeleton3D" index="16" unique_id=1471523219]
transform = Transform3D(0.9780675, -0.009147053, 0.20808646, 0.06154516, 0.96711904, -0.24676742, -0.19898662, 0.2541618, 0.9464699, 0.029353386, 1.4192036, -0.028692672)
bone_name = "DEF-spine.006"
bone_idx = 6

[node name="HitboxHead" type="Area3D" parent="rig_001/Skeleton3D/HitboxAttachHead" index="0" unique_id=1799077663]
collision_layer = 6
collision_mask = 4

[node name="CollisionShape3D" type="CollisionShape3D" parent="rig_001/Skeleton3D/HitboxAttachHead/HitboxHead" index="0" unique_id=1793753342]
transform = Transform3D(1, -1.0164395e-20, 0, 7.1150755e-20, 1, 0, 0, -1.9895197e-13, 1, -4.0925596e-14, 0.13578784, -0.020606514)
shape = SubResource("SphereShape3D_dhc5f")

[node name="HitboxZone" type="Node" parent="rig_001/Skeleton3D/HitboxAttachHead/HitboxHead" index="1" unique_id=2003495464]
script = ExtResource("2_bnhrn")
zone_name = "head"
base_damage = 3

[node name="HitboxAttachLeftFoot" type="BoneAttachment3D" parent="rig_001/Skeleton3D" index="17" unique_id=158510859]
transform = Transform3D(0.9247858, 0.37745342, -0.039699998, 0.0034281733, -0.082971804, -0.99686635, -0.38003233, 0.92097884, -0.08884454, 0.25212663, 0.035349563, 0.09161084)
bone_name = "DEF-foot.L"
bone_idx = 13

[node name="HitboxLeftFoot" type="Area3D" parent="rig_001/Skeleton3D/HitboxAttachLeftFoot" index="0" unique_id=800396227]
collision_layer = 4
collision_mask = 4

[node name="CollisionShape3D" type="CollisionShape3D" parent="rig_001/Skeleton3D/HitboxAttachLeftFoot/HitboxLeftFoot" index="0" unique_id=1692041369]
transform = Transform3D(1, 2.7939884e-09, 1.22237e-09, -2.7939884e-09, 1, -4.4703814e-08, -1.2223701e-09, 4.4703814e-08, 1, -0.015807942, 0.11304459, -3.7252903e-09)
shape = SubResource("BoxShape3D_qof7f")

[node name="HitboxZone" type="Node" parent="rig_001/Skeleton3D/HitboxAttachLeftFoot/HitboxLeftFoot" index="1" unique_id=1439883841]
script = ExtResource("2_bnhrn")
zone_name = "left_leg"
base_damage = 1

[node name="HitboxAttachRightFoot" type="BoneAttachment3D" parent="rig_001/Skeleton3D" index="18" unique_id=1295094372]
transform = Transform3D(0.483527, -0.872429, 0.08404732, -0.0046968926, -0.08636575, -0.99382704, 0.8755541, 0.4844892, -0.044098474, -0.20144756, 0.035939425, -0.16602767)
bone_name = "DEF-foot.R"
bone_idx = 19

[node name="HitboxRightFoot" type="Area3D" parent="rig_001/Skeleton3D/HitboxAttachRightFoot" index="0" unique_id=154506703]
collision_layer = 6
collision_mask = 4

[node name="CollisionShape3D" type="CollisionShape3D" parent="rig_001/Skeleton3D/HitboxAttachRightFoot/HitboxRightFoot" index="0" unique_id=1007857737]
transform = Transform3D(1, 4.8572284e-16, -9.313226e-10, 0, 1, 5.215409e-07, 9.313226e-10, -5.215409e-07, 1, 0.0147704035, 0.128723, -0.031158688)
shape = SubResource("BoxShape3D_dhc5f")

[node name="HitboxZone" type="Node" parent="rig_001/Skeleton3D/HitboxAttachRightFoot/HitboxRightFoot" index="1" unique_id=1368614239]
script = ExtResource("2_bnhrn")
zone_name = "right_leg"
base_damage = 1

[node name="HitboxAttachRightForeArm" type="BoneAttachment3D" parent="rig_001/Skeleton3D" index="19" unique_id=1031889170]
transform = Transform3D(-0.36061925, -0.54193527, 0.7591178, 0.7104416, -0.68694246, -0.15291366, 0.6043397, 0.48416522, 0.63273805, -0.29150715, 0.99842423, -0.17516765)
bone_name = "DEF-forearm.R.001"
bone_idx = 31

[node name="HitboxRightArm" type="Area3D" parent="rig_001/Skeleton3D/HitboxAttachRightForeArm" index="0" unique_id=1375651829]
collision_layer = 4
collision_mask = 4

[node name="CollisionShape3D" type="CollisionShape3D" parent="rig_001/Skeleton3D/HitboxAttachRightForeArm/HitboxRightArm" index="0" unique_id=2141598236]
transform = Transform3D(1, -1.6670315e-06, -2.4140184e-06, 1.66707e-06, 1, 1.594983e-05, 2.4139918e-06, -1.5949834e-05, 1, 1.1920929e-07, -0.013810042, 7.1525574e-07)
shape = SubResource("CapsuleShape3D_t8m5d")

[node name="HitboxZone" type="Node" parent="rig_001/Skeleton3D/HitboxAttachRightForeArm/HitboxRightArm" index="1" unique_id=170373179]
script = ExtResource("2_bnhrn")
zone_name = "right_arm"
base_damage = 1

[node name="HitboxAttachRightHand" type="BoneAttachment3D" parent="rig_001/Skeleton3D" index="20" unique_id=1174242151]
transform = Transform3D(-0.290381, -0.15746883, 0.9438658, 0.84105647, -0.51245075, 0.17325746, 0.45640218, 0.84415495, 0.2812462, -0.34832966, 0.92639756, -0.124402426)
bone_name = "DEF-hand.R"
bone_idx = 32

[node name="HitboxRightHand" type="Area3D" parent="rig_001/Skeleton3D/HitboxAttachRightHand" index="0" unique_id=525467876]
collision_layer = 4
collision_mask = 4

[node name="CollisionShape3D" type="CollisionShape3D" parent="rig_001/Skeleton3D/HitboxAttachRightHand/HitboxRightHand" index="0" unique_id=971953859]
transform = Transform3D(0.97929996, 0.20202643, 0.012530467, -0.20174213, 0.9691321, 0.14171484, 0.016486466, -0.14130926, 0.9898282, 0.009399533, 0.074212424, -0.0065079927)
shape = SubResource("CapsuleShape3D_locf5")

[node name="HitboxZone" type="Node" parent="rig_001/Skeleton3D/HitboxAttachRightHand/HitboxRightHand" index="1" unique_id=172920463]
script = ExtResource("2_bnhrn")
zone_name = "right_arm"
base_damage = 1

[node name="AttackHitbox" type="Area3D" parent="rig_001/Skeleton3D/HitboxAttachRightHand" index="1" unique_id=1765047115]
collision_layer = 16
collision_mask = 0
monitoring = false
monitorable = false
script = ExtResource("3_dhc5f")

[node name="CollisionShape3D" type="CollisionShape3D" parent="rig_001/Skeleton3D/HitboxAttachRightHand/AttackHitbox" index="0" unique_id=384214826]
transform = Transform3D(0.97929996, 0.20202643, 0.012530467, -0.20174213, 0.9691321, 0.14171484, 0.016486466, -0.14130926, 0.9898282, 0.009399533, 0.074212424, -0.0065079927)
shape = SubResource("CapsuleShape3D_dhc5f")
debug_color = Color(0.9254902, 0.101960786, 0.0627451, 0.41960785)

[node name="HitboxAttachRightUpperArm" type="BoneAttachment3D" parent="rig_001/Skeleton3D" index="21" unique_id=124618306]
transform = Transform3D(0.5289325, -0.37887782, -0.7593955, 0.28284362, -0.76495445, 0.5786569, -0.8001433, -0.52086085, -0.2974462, -0.12256081, 1.2984784, -0.099975355)
bone_name = "DEF-shoulder.R"
bone_idx = 27

[node name="HitboxRightArm" type="Area3D" parent="rig_001/Skeleton3D/HitboxAttachRightUpperArm" index="0" unique_id=2080401500]
collision_layer = 4
collision_mask = 4

[node name="CollisionShape3D" type="CollisionShape3D" parent="rig_001/Skeleton3D/HitboxAttachRightUpperArm/HitboxRightArm" index="0" unique_id=206497425]
transform = Transform3D(1, -1.6092887e-06, -2.3395107e-06, 1.6093268e-06, 1, 1.6279522e-05, 2.3394846e-06, -1.6279526e-05, 1, 8.940697e-08, 0.10868561, -9.536743e-07)
shape = SubResource("CapsuleShape3D_if1kg")

[node name="HitboxZone" type="Node" parent="rig_001/Skeleton3D/HitboxAttachRightUpperArm/HitboxRightArm" index="1" unique_id=133571592]
script = ExtResource("2_bnhrn")
zone_name = "right_arm"
base_damage = 1

[node name="HitboxAttachLeftForeArm" type="BoneAttachment3D" parent="rig_001/Skeleton3D" index="22" unique_id=1012028412]
transform = Transform3D(-0.97208714, 0.2342368, -0.013400961, -0.232816, -0.9701079, -0.06846651, -0.029037777, -0.06343554, 0.9975633, 0.22214617, 0.9079633, -0.24015173)
bone_name = "DEF-forearm.L.001"
bone_idx = 25

[node name="HitboxLeftArm" type="Area3D" parent="rig_001/Skeleton3D/HitboxAttachLeftForeArm" index="0" unique_id=116977318]
collision_layer = 4
collision_mask = 4

[node name="CollisionShape3D" type="CollisionShape3D" parent="rig_001/Skeleton3D/HitboxAttachLeftForeArm/HitboxLeftArm" index="0" unique_id=161971513]
transform = Transform3D(1, 3.0733652e-08, -8.9303675e-15, -3.0733652e-08, 1, -2.905731e-07, -5.0821977e-21, 2.905731e-07, 1, 2.3841858e-07, -0.034894984, -4.172325e-07)
shape = SubResource("CapsuleShape3D_c0qx7")

[node name="HitboxZone" type="Node" parent="rig_001/Skeleton3D/HitboxAttachLeftForeArm/HitboxLeftArm" index="1" unique_id=1424224604]
script = ExtResource("2_bnhrn")
zone_name = "left_arm"
base_damage = 1

[node name="HitboxAttachLeftHand" type="BoneAttachment3D" parent="rig_001/Skeleton3D" index="23" unique_id=2038648462]
transform = Transform3D(-0.9671338, 0.20168532, -0.15483885, -0.24239658, -0.9152132, 0.32191402, -0.07678525, 0.34886613, 0.9340215, 0.24670611, 0.80624664, -0.24680294)
bone_name = "DEF-hand.L"
bone_idx = 26

[node name="HitboxLeftHand" type="Area3D" parent="rig_001/Skeleton3D/HitboxAttachLeftHand" index="0" unique_id=180617104]
collision_layer = 4
collision_mask = 4

[node name="CollisionShape3D" type="CollisionShape3D" parent="rig_001/Skeleton3D/HitboxAttachLeftHand/HitboxLeftHand" index="0" unique_id=719339786]
transform = Transform3D(0.98108923, -0.19322237, -0.01136158, 0.19296278, 0.9718027, 0.13551734, -0.015143769, -0.13514696, 0.99070984, -0.014081597, 0.070249274, -0.009748161)
shape = SubResource("CapsuleShape3D_isfon")

[node name="HitboxZone" type="Node" parent="rig_001/Skeleton3D/HitboxAttachLeftHand/HitboxLeftHand" index="1" unique_id=413708028]
script = ExtResource("2_bnhrn")
zone_name = "left_arm"
base_damage = 1

[node name="AttackHitbox" type="Area3D" parent="rig_001/Skeleton3D/HitboxAttachLeftHand" index="1" unique_id=1799564037]
collision_layer = 16
collision_mask = 0
monitoring = false
monitorable = false
script = ExtResource("3_dhc5f")

[node name="CollisionShape3D" type="CollisionShape3D" parent="rig_001/Skeleton3D/HitboxAttachLeftHand/AttackHitbox" index="0" unique_id=811769937]
transform = Transform3D(0.98108923, -0.19322237, -0.01136158, 0.19296278, 0.9718027, 0.13551734, -0.015143769, -0.13514696, 0.99070984, -0.014081597, 0.070249274, -0.009748161)
shape = SubResource("CapsuleShape3D_mpebe")
debug_color = Color(0.9490196, 0.16862746, 0.15686275, 0.41960785)

[node name="HitboxAttachLeftUpperArm" type="BoneAttachment3D" parent="rig_001/Skeleton3D" index="24" unique_id=2085671135]
transform = Transform3D(0.7974199, 0.10339812, 0.5944998, -0.16430452, -0.9107794, 0.3787934, 0.5806248, -0.3997364, -0.7092851, 0.15557042, 1.2743108, -0.14055556)
bone_name = "DEF-shoulder.L"
bone_idx = 21

[node name="HitboxLeftArm" type="Area3D" parent="rig_001/Skeleton3D/HitboxAttachLeftUpperArm" index="0" unique_id=690016286]
collision_layer = 4
collision_mask = 4

[node name="CollisionShape3D" type="CollisionShape3D" parent="rig_001/Skeleton3D/HitboxAttachLeftUpperArm/HitboxLeftArm" index="0" unique_id=1138611587]
transform = Transform3D(1, -6.5266986e-06, -3.1292177e-07, 6.5266986e-06, 1, -3.2223784e-07, 3.1292387e-07, 3.222358e-07, 1, -1.1920929e-07, 0.09139395, 2.3841858e-07)
shape = SubResource("CapsuleShape3D_bnhrn")

[node name="HitboxZone" type="Node" parent="rig_001/Skeleton3D/HitboxAttachLeftUpperArm/HitboxLeftArm" index="1" unique_id=76515179]
script = ExtResource("2_bnhrn")
zone_name = "left_arm"
base_damage = 1

[node name="HitboxAttachLeftThigh" type="BoneAttachment3D" parent="rig_001/Skeleton3D" index="25" unique_id=1952756321]
transform = Transform3D(0.79125684, 0.40543404, -0.46297812, 0.13521805, -0.83576375, -0.5220367, -0.60432893, 0.34383944, -0.7229893, 0.14418268, 0.62783337, 0.025921296)
bone_name = "DEF-thigh.L.001"
bone_idx = 10

[node name="HitboxLeftThigh" type="Area3D" parent="rig_001/Skeleton3D/HitboxAttachLeftThigh" index="0" unique_id=1712311608]
collision_layer = 4
collision_mask = 4

[node name="CollisionShape3D" type="CollisionShape3D" parent="rig_001/Skeleton3D/HitboxAttachLeftThigh/HitboxLeftThigh" index="0" unique_id=652191664]
transform = Transform3D(0.99923795, -0.032975696, -0.02088625, 0.029291978, 0.9871421, -0.15713888, 0.025799459, 0.15640734, 0.9873557, -0.008022204, -0.00986734, -0.0130032)
shape = SubResource("CapsuleShape3D_vpt1t")

[node name="HitboxZone" type="Node" parent="rig_001/Skeleton3D/HitboxAttachLeftThigh/HitboxLeftThigh" index="1" unique_id=698037140]
script = ExtResource("2_bnhrn")
zone_name = "left_leg"
base_damage = 2

[node name="HitboxAttachLeftShin" type="BoneAttachment3D" parent="rig_001/Skeleton3D" index="26" unique_id=1686875359]
transform = Transform3D(0.7682501, 0.06181678, -0.64347243, 0.054224677, -0.9889159, -0.046528906, -0.644941, -0.0077800388, -0.7703296, 0.23885298, 0.24769574, 0.0932814)
bone_name = "DEF-shin.L.001"
bone_idx = 12

[node name="HitboxLeftShin" type="Area3D" parent="rig_001/Skeleton3D/HitboxAttachLeftShin" index="0" unique_id=1413230357]
collision_layer = 4
collision_mask = 4

[node name="CollisionShape3D" type="CollisionShape3D" parent="rig_001/Skeleton3D/HitboxAttachLeftShin/HitboxLeftShin" index="0" unique_id=2117827460]
transform = Transform3D(1, 2.46015e-07, -5.9603835e-08, -2.460148e-07, 1, 3.2359094e-06, 5.960463e-08, -3.2359094e-06, 1, 1.4901161e-08, -0.016828224, -1.7881393e-07)
shape = SubResource("CapsuleShape3D_qof7f")

[node name="HitboxZone" type="Node" parent="rig_001/Skeleton3D/HitboxAttachLeftShin/HitboxLeftShin" index="1" unique_id=381063157]
script = ExtResource("2_bnhrn")
zone_name = "left_leg"
base_damage = 1

[node name="HitboxAttachRightShin" type="BoneAttachment3D" parent="rig_001/Skeleton3D" index="27" unique_id=1777576202]
transform = Transform3D(0.42330307, 0.06246289, 0.90998006, -0.28659087, -0.9275623, 0.18790388, 0.86516416, -0.34130326, -0.38303763, -0.21485998, 0.23511133, -0.09274092)
bone_name = "DEF-shin.R.001"
bone_idx = 18

[node name="HitboxRightShin" type="Area3D" parent="rig_001/Skeleton3D/HitboxAttachRightShin" index="0" unique_id=336856980]
collision_layer = 4
collision_mask = 4

[node name="CollisionShape3D" type="CollisionShape3D" parent="rig_001/Skeleton3D/HitboxAttachRightShin/HitboxRightShin" index="0" unique_id=1019735599]
transform = Transform3D(1, 2.46015e-07, -5.9603835e-08, -2.460148e-07, 1, 3.2359094e-06, 5.960463e-08, -3.2359094e-06, 1, 1.4901161e-08, -0.016828224, -1.7881393e-07)
shape = SubResource("CapsuleShape3D_87tvm")

[node name="HitboxZone" type="Node" parent="rig_001/Skeleton3D/HitboxAttachRightShin/HitboxRightShin" index="1" unique_id=1442578211]
script = ExtResource("2_bnhrn")
zone_name = "right_leg"
base_damage = 1

[node name="HitboxAttachRightThigh" type="BoneAttachment3D" parent="rig_001/Skeleton3D" index="28" unique_id=747430121]
transform = Transform3D(0.8265923, -0.3562259, 0.44295824, -0.31952062, -0.9234368, -0.16965485, 0.47433442, -0.001272478, -0.8861979, -0.15675503, 0.61967623, -0.01919871)
bone_name = "DEF-thigh.R.001"
bone_idx = 16

[node name="HitboxRightThigh" type="Area3D" parent="rig_001/Skeleton3D/HitboxAttachRightThigh" index="0" unique_id=864676159]
collision_layer = 4
collision_mask = 4

[node name="CollisionShape3D" type="CollisionShape3D" parent="rig_001/Skeleton3D/HitboxAttachRightThigh/HitboxRightThigh" index="0" unique_id=151401403]
transform = Transform3D(0.9990654, 0.0001496519, -0.043223284, -0.0059535587, 0.9909391, -0.13417996, 0.042811565, 0.1343119, 0.99001384, 0.0004721582, -0.031942368, -0.007198423)
shape = SubResource("CapsuleShape3D_7qy5o")

[node name="HitboxZone" type="Node" parent="rig_001/Skeleton3D/HitboxAttachRightThigh/HitboxRightThigh" index="1" unique_id=1534556595]
script = ExtResource("2_bnhrn")
zone_name = "right_leg"
base_damage = 2

[node name="HitboxAttachWaist" type="BoneAttachment3D" parent="rig_001/Skeleton3D" index="29" unique_id=889463265]
transform = Transform3D(0.98606026, 0.025189595, 0.16446166, -0.021307185, 0.9994512, -0.025328405, -0.16500972, 0.021471158, 0.9860556, 0.0019043284, 0.99577737, -0.027917689)
bone_name = "DEF-spine.001"
bone_idx = 1

[node name="HitboxWaist" type="Area3D" parent="rig_001/Skeleton3D/HitboxAttachWaist" index="0" unique_id=1323472362]
collision_layer = 4
collision_mask = 4

[node name="CollisionShape3D" type="CollisionShape3D" parent="rig_001/Skeleton3D/HitboxAttachWaist/HitboxWaist" index="0" unique_id=136977158]
transform = Transform3D(1, 5.555019e-08, 2.0196533e-09, -5.508088e-08, 0.9853514, 0.1705365, 7.483267e-09, -0.1705365, 0.9853514, -0.0021271459, 0.08054674, -0.022521362)
shape = SubResource("BoxShape3D_isfon")

[node name="HitboxZone" type="Node" parent="rig_001/Skeleton3D/HitboxAttachWaist/HitboxWaist" index="1" unique_id=1323583944]
script = ExtResource("2_bnhrn")
base_damage = 2

[node name="HitboxAttachChest" type="BoneAttachment3D" parent="rig_001/Skeleton3D" index="30" unique_id=1545642197]
transform = Transform3D(0.8957186, 0.001471648, 0.44461864, -0.08243291, 0.98320764, 0.16281317, -0.43691233, -0.18248574, 0.8807983, 0.014145615, 1.2257594, -0.04079879)
bone_name = "DEF-spine.003"
bone_idx = 3

[node name="HitboxChest" type="Area3D" parent="rig_001/Skeleton3D/HitboxAttachChest" index="0" unique_id=919464083]
collision_layer = 4
collision_mask = 4

[node name="CollisionShape3D" type="CollisionShape3D" parent="rig_001/Skeleton3D/HitboxAttachChest/HitboxChest" index="0" unique_id=1134875331]
transform = Transform3D(1, -1.9615885e-07, 2.2644689e-07, 1.4045403e-07, -0.36068016, -0.93268955, 2.6463024e-07, 0.93268955, -0.36068016, -1.9024592e-05, 0.03582406, -0.012703091)
shape = SubResource("BoxShape3D_r4aki")

[node name="HitboxZone" type="Node" parent="rig_001/Skeleton3D/HitboxAttachChest/HitboxChest" index="1" unique_id=1509373254]
script = ExtResource("2_bnhrn")
base_damage = 2

[node name="HitboxAttachPelvis" type="BoneAttachment3D" parent="rig_001/Skeleton3D" index="31" unique_id=1616859410]
transform = Transform3D(0.9842393, 0.06570506, 0.16417414, -0.06412311, 0.9978293, -0.014922699, -0.1647986, 0.004160163, 0.9863161, -0.0055161086, 0.883087, -0.02838752)
bone_name = "DEF-spine"
bone_idx = 0

[node name="HitboxPelvis" type="Area3D" parent="rig_001/Skeleton3D/HitboxAttachPelvis" index="0" unique_id=181850101]
collision_layer = 4
collision_mask = 4

[node name="CollisionShape3D" type="CollisionShape3D" parent="rig_001/Skeleton3D/HitboxAttachPelvis/HitboxPelvis" index="0" unique_id=1584050123]
transform = Transform3D(1, 8.7548756e-08, -3.8268775e-15, 0, -4.371139e-08, -1, -8.7548756e-08, 1, -4.371139e-08, 8.617218e-09, 0.028584003, 0.016214788)
shape = SubResource("BoxShape3D_bnhrn")

[node name="HitboxZone" type="Node" parent="rig_001/Skeleton3D/HitboxAttachPelvis/HitboxPelvis" index="1" unique_id=96601982]
script = ExtResource("2_bnhrn")
base_damage = 2

[node name="AnimationPlayer" parent="." index="162" unique_id=1731823164]
"libraries/Left Foot" = SubResource("AnimationLibrary_dhc5f")
"libraries/Right Foot" = SubResource("AnimationLibrary_qof7f")
