[gd_scene format=3 uid="uid://bd7pagsi67ay5"]

[ext_resource type="PackedScene" uid="uid://dm3rgmlareuxk" path="res://models/enemies/All zombie fix.glb" id="1_e035i"]
[ext_resource type="Script" uid="uid://rk4yb4oq18ft" path="res://scripts/enemy/hitbox_zone.gd" id="2_bnhrn"]

[sub_resource type="SphereShape3D" id="SphereShape3D_dhc5f"]
radius = 0.17520592

[sub_resource type="BoxShape3D" id="BoxShape3D_qof7f"]
size = Vector3(0.19885254, 0.40382385, 0.16925049)

[sub_resource type="BoxShape3D" id="BoxShape3D_dhc5f"]
size = Vector3(0.19885254, 0.40382385, 0.16925049)

[sub_resource type="CapsuleShape3D" id="CapsuleShape3D_t8m5d"]
radius = 0.080566406
height = 0.30282497

[sub_resource type="CapsuleShape3D" id="CapsuleShape3D_locf5"]
radius = 0.123535156
height = 0.24707031

[sub_resource type="CapsuleShape3D" id="CapsuleShape3D_if1kg"]
radius = 0.080566406
height = 0.40585232

[sub_resource type="CapsuleShape3D" id="CapsuleShape3D_c0qx7"]
radius = 0.080566406
height = 0.29012966

[sub_resource type="CapsuleShape3D" id="CapsuleShape3D_mpebe"]
radius = 0.10498047
height = 0.26757813

[sub_resource type="CapsuleShape3D" id="CapsuleShape3D_bnhrn"]
radius = 0.080566406
height = 0.38725233

[sub_resource type="CapsuleShape3D" id="CapsuleShape3D_vpt1t"]
radius = 0.09082031
height = 0.5391078

[sub_resource type="CapsuleShape3D" id="CapsuleShape3D_qof7f"]
radius = 0.07763672
height = 0.49423122

[sub_resource type="CapsuleShape3D" id="CapsuleShape3D_87tvm"]
radius = 0.07763672
height = 0.49423122

[sub_resource type="CapsuleShape3D" id="CapsuleShape3D_7qy5o"]
radius = 0.09082031
height = 0.5391078

[sub_resource type="BoxShape3D" id="BoxShape3D_isfon"]
size = Vector3(0.20745182, 0.17785561, 0.18688202)

[sub_resource type="BoxShape3D" id="BoxShape3D_r4aki"]
size = Vector3(0.310524, 0.22752942, 0.2316513)

[sub_resource type="BoxShape3D" id="BoxShape3D_bnhrn"]
size = Vector3(0.30628967, 0.17455387, 0.17154694)

[sub_resource type="AnimationLibrary" id="AnimationLibrary_dhc5f"]

[sub_resource type="AnimationLibrary" id="AnimationLibrary_qof7f"]

[node name="All zombie fix" unique_id=867409154 instance=ExtResource("1_e035i")]
transform = Transform3D(-1, 0, -8.742278e-08, 0, 1, 0, 8.742278e-08, 0, -1, 0, 0, 0)

[node name="Skeleton3D" parent="rig_001" parent_id_path=PackedInt32Array(1735597300) index="0" unique_id=1103015369]
bones/0/position = Vector3(-2.1085714e-10, 0.9016098, -0.041202478)
bones/0/rotation = Quaternion(0.109910145, 1.18487044e-07, 1.3102288e-08, 0.99394155)
bones/0/scale = Vector3(1, 1, 1)
bones/1/rotation = Quaternion(-0.017986618, -2.144053e-15, -4.28834e-09, 0.99983823)
bones/1/scale = Vector3(1, 0.99999976, 0.9999999)
bones/2/rotation = Quaternion(-0.10784382, -1.1851401e-07, -3.8567947e-08, 0.99416786)
bones/2/scale = Vector3(1, 1.0000001, 0.99999994)
bones/3/rotation = Quaternion(-0.08514431, 1.1383708e-07, 1.5083085e-08, 0.99636865)
bones/3/scale = Vector3(1, 1, 1.0000002)
bones/4/rotation = Quaternion(0.67949235, 2.6238533e-07, 4.0500896e-07, 0.7336826)
bones/5/rotation = Quaternion(-0.48634067, -3.1248436e-07, -2.898816e-07, 0.8737693)
bones/6/rotation = Quaternion(-0.13757923, -1.18075626e-07, -1.6400719e-08, 0.99049085)
bones/7/position = Vector3(0.002458499, 0.88524896, -0.034201585)
bones/7/rotation = Quaternion(-0.15722074, -0.6995177, -0.46292, 0.52121186)
bones/7/scale = Vector3(0.99999994, 0.99999994, 0.99999994)
bones/8/position = Vector3(-0.0024585135, 0.88524896, -0.034201566)
bones/8/rotation = Quaternion(-0.15722066, 0.6995177, 0.46291995, 0.5212118)
bones/8/scale = Vector3(1, 1, 1)
bones/9/position = Vector3(0.07514035, 0.8211423, -0.061462536)
bones/9/rotation = Quaternion(0.9710544, 0.07570502, -0.10045784, 0.20305303)
bones/9/scale = Vector3(1.0017667, 0.996476, 1.0017667)
bones/10/rotation = Quaternion(-2.5644724e-08, -0.0017049166, 3.1215286e-08, 0.99999857)
bones/11/rotation = Quaternion(0.16063815, -0.0017044243, 0.00027627483, 0.98701185)
bones/11/scale = Vector3(0.9998995, 0.99967104, 1.0004343)
bones/12/rotation = Quaternion(4.144814e-08, 0.00025247128, -5.58794e-09, 1)
bones/13/rotation = Quaternion(-0.63519233, 0.04781363, 0.12167958, 0.76120865)
bones/13/scale = Vector3(0.9985071, 0.9982752, 1.0032351)
bones/14/rotation = Quaternion(-0.068498045, 0.9955996, -0.06379225, -0.0044689993)
bones/14/scale = Vector3(0.9999172, 1.0001774, 0.9998951)
bones/15/position = Vector3(-0.07514035, 0.8211425, -0.061462536)
bones/15/rotation = Quaternion(0.9868768, -0.102427885, 0.12319642, -0.020135619)
bones/15/scale = Vector3(1.0045358, 0.9909901, 1.0045358)
bones/16/rotation = Quaternion(-1.6796157e-08, -0.035054024, -2.4396424e-08, 0.9993854)
bones/17/rotation = Quaternion(0.2563595, -0.03499035, 0.009217203, 0.965904)
bones/17/scale = Vector3(0.99976563, 0.99716806, 1.003143)
bones/18/rotation = Quaternion(1.384331e-08, 0.01637906, 1.9443513e-08, 0.9998659)
bones/18/scale = Vector3(1, 1.0000001, 1.0000082)
bones/19/rotation = Quaternion(-0.775253, -0.027380139, -0.1272755, 0.618089)
bones/19/scale = Vector3(0.9958938, 0.9964146, 1.007766)
bones/20/rotation = Quaternion(0.06849693, 0.9956008, -0.06377429, 0.0044680727)
bones/20/scale = Vector3(1.0000013, 1.0000082, 0.99998)
bones/21/position = Vector3(0.16870818, 1.2896988, -0.017729597)
bones/21/rotation = Quaternion(0.7084667, -0.08758071, 0.6153171, -0.33434927)
bones/22/position = Vector3(0.21981637, 1.1419338, -0.10760411)
bones/22/rotation = Quaternion(0.30970594, 0.31167454, -0.8975785, 0.03597403)
bones/23/rotation = Quaternion(6.177484e-07, -0.05329563, 2.3330657e-07, 0.9985788)
bones/24/rotation = Quaternion(0.46087196, -0.053295843, 0.12811811, 0.8765514)
bones/25/rotation = Quaternion(2.7241068e-08, 5.587885e-08, 9.709053e-08, 1)
bones/26/rotation = Quaternion(0.06623096, 0.004352769, -0.06543339, 0.995647)
bones/27/position = Vector3(-0.16870818, 1.2896988, -0.017729595)
bones/27/rotation = Quaternion(0.77930105, -0.107603826, -0.6104034, -0.092298366)
bones/28/position = Vector3(-0.2186344, 1.1171488, -0.0016722046)
bones/28/rotation = Quaternion(0.2808046, -0.012466969, 0.95108366, 0.128193)
bones/29/rotation = Quaternion(6.638667e-08, 0.044731915, 1.3405187e-07, 0.99899906)
bones/30/rotation = Quaternion(0.38764128, 0.044732243, -0.21839651, 0.8944475)
bones/31/rotation = Quaternion(-8.2887894e-08, -4.0978097e-08, -6.635687e-08, 1)
bones/32/rotation = Quaternion(0.06623119, -0.004352802, 0.06543339, 0.995647)
bones/33/position = Vector3(0.056704227, 1.2763797, -0.040166155)
bones/33/rotation = Quaternion(5.3385072e-08, 0.7071069, 0.70710665, 5.3385087e-08)
bones/34/position = Vector3(-0.056704234, 1.2763797, -0.040166248)
bones/34/rotation = Quaternion(-5.338508e-08, 0.7071068, 0.7071068, -5.3385065e-08)

[node name="HitboxAttachHead" type="BoneAttachment3D" parent="rig_001/Skeleton3D" index="16" unique_id=1471523219]
transform = Transform3D(1, 3.0553338e-13, -1.4210855e-14, -1.9895197e-13, 0.9999998, -3.874302e-07, 1.2789769e-13, 4.172325e-07, 0.9999999, 7.1007302e-09, 1.4313658, 0.010343418)
bone_name = "DEF-spine.006"
bone_idx = 6

[node name="HitboxHead" type="Area3D" parent="rig_001/Skeleton3D/HitboxAttachHead" index="0" unique_id=1799077663]
collision_layer = 2
collision_mask = 4

[node name="CollisionShape3D" type="CollisionShape3D" parent="rig_001/Skeleton3D/HitboxAttachHead/HitboxHead" index="0" unique_id=1793753342]
transform = Transform3D(1, -1.0164395e-20, 0, 7.1150755e-20, 1, 0, 0, -1.9895197e-13, 1, -4.0925596e-14, 0.13578784, -0.020606514)
shape = SubResource("SphereShape3D_dhc5f")

[node name="HitboxZone" type="Node" parent="rig_001/Skeleton3D/HitboxAttachHead/HitboxHead" index="1" unique_id=2003495464]
script = ExtResource("2_bnhrn")
zone_name = "head"
base_damage = 10

[node name="HitboxAttachLeftFoot" type="BoneAttachment3D" parent="rig_001/Skeleton3D" index="17" unique_id=158510859]
transform = Transform3D(0.9999852, -0.006665677, -0.00046553835, 0.0008289628, -0.087690875, -0.9964438, 0.0060709417, 0.9954379, -0.09227963, 0.20317571, 0.035042852, 0.121897094)
bone_name = "DEF-foot.L"
bone_idx = 13

[node name="HitboxLeftFoot" type="Area3D" parent="rig_001/Skeleton3D/HitboxAttachLeftFoot" index="0" unique_id=800396227]
collision_layer = 2
collision_mask = 4

[node name="CollisionShape3D" type="CollisionShape3D" parent="rig_001/Skeleton3D/HitboxAttachLeftFoot/HitboxLeftFoot" index="0" unique_id=1692041369]
transform = Transform3D(1, 2.7939884e-09, 1.22237e-09, -2.7939884e-09, 1, -4.4703814e-08, -1.2223701e-09, 4.4703814e-08, 1, -0.015807942, 0.11304459, -3.7252903e-09)
shape = SubResource("BoxShape3D_qof7f")

[node name="HitboxZone" type="Node" parent="rig_001/Skeleton3D/HitboxAttachLeftFoot/HitboxLeftFoot" index="1" unique_id=1439883841]
script = ExtResource("2_bnhrn")
zone_name = "foot"
base_damage = 2

[node name="HitboxAttachRightFoot" type="BoneAttachment3D" parent="rig_001/Skeleton3D" index="18" unique_id=1295094372]
transform = Transform3D(0.9997227, 0.0064752996, 0.0024996102, -0.00049477816, -0.3397823, -0.9371786, -0.007019177, 0.94331527, -0.34226066, -0.20276283, 0.08073792, -0.32307744)
bone_name = "DEF-foot.R"
bone_idx = 19

[node name="HitboxRightFoot" type="Area3D" parent="rig_001/Skeleton3D/HitboxAttachRightFoot" index="0" unique_id=154506703]
collision_layer = 2
collision_mask = 4

[node name="CollisionShape3D" type="CollisionShape3D" parent="rig_001/Skeleton3D/HitboxAttachRightFoot/HitboxRightFoot" index="0" unique_id=1007857737]
transform = Transform3D(1, 4.8572284e-16, -9.313226e-10, 0, 1, 5.215409e-07, 9.313226e-10, -5.215409e-07, 1, 0.0147704035, 0.128723, -0.031158688)
shape = SubResource("BoxShape3D_dhc5f")

[node name="HitboxZone" type="Node" parent="rig_001/Skeleton3D/HitboxAttachRightFoot/HitboxRightFoot" index="1" unique_id=1368614239]
script = ExtResource("2_bnhrn")
zone_name = "foot"
base_damage = 2

[node name="HitboxAttachRightForeArm" type="BoneAttachment3D" parent="rig_001/Skeleton3D" index="19" unique_id=1031889170]
transform = Transform3D(-0.7933092, -0.20702045, 0.5725407, 0.58283883, -0.5300276, 0.61592966, 0.17595248, 0.8223217, 0.5411352, -0.26626393, 0.9616595, 0.089538515)
bone_name = "DEF-forearm.R.001"
bone_idx = 31

[node name="HitboxRightArm" type="Area3D" parent="rig_001/Skeleton3D/HitboxAttachRightForeArm" index="0" unique_id=1375651829]
collision_layer = 2
collision_mask = 4

[node name="CollisionShape3D" type="CollisionShape3D" parent="rig_001/Skeleton3D/HitboxAttachRightForeArm/HitboxRightArm" index="0" unique_id=2141598236]
transform = Transform3D(1, -1.6670315e-06, -2.4140184e-06, 1.66707e-06, 1, 1.594983e-05, 2.4139918e-06, -1.5949834e-05, 1, 1.1920929e-07, -0.013810042, 7.1525574e-07)
shape = SubResource("CapsuleShape3D_t8m5d")

[node name="HitboxZone" type="Node" parent="rig_001/Skeleton3D/HitboxAttachRightForeArm/HitboxRightArm" index="1" unique_id=170373179]
script = ExtResource("2_bnhrn")
zone_name = "right_arm"
base_damage = 3

[node name="HitboxAttachRightHand" type="BoneAttachment3D" parent="rig_001/Skeleton3D" index="20" unique_id=1174242151]
transform = Transform3D(-0.8034157, -0.024424344, 0.59491724, 0.5197476, -0.5162357, 0.68070763, 0.2904918, 0.856098, 0.42744628, -0.28797024, 0.9060855, 0.17575982)
bone_name = "DEF-hand.R"
bone_idx = 32

[node name="HitboxRightHand" type="Area3D" parent="rig_001/Skeleton3D/HitboxAttachRightHand" index="0" unique_id=525467876]
collision_layer = 2
collision_mask = 4

[node name="CollisionShape3D" type="CollisionShape3D" parent="rig_001/Skeleton3D/HitboxAttachRightHand/HitboxRightHand" index="0" unique_id=971953859]
transform = Transform3D(0.97929996, 0.20202643, 0.012530467, -0.20174213, 0.9691321, 0.14171484, 0.016486466, -0.14130926, 0.9898282, 0.009399533, 0.074212424, -0.0065079927)
shape = SubResource("CapsuleShape3D_locf5")

[node name="HitboxZone" type="Node" parent="rig_001/Skeleton3D/HitboxAttachRightHand/HitboxRightHand" index="1" unique_id=172920463]
script = ExtResource("2_bnhrn")
zone_name = "right_arm"
base_damage = 3

[node name="HitboxAttachRightUpperArm" type="BoneAttachment3D" parent="rig_001/Skeleton3D" index="21" unique_id=124618306]
transform = Transform3D(0.23165809, -0.28039, -0.9315125, -0.05503305, -0.9598048, 0.27521986, -0.97123903, -0.012492938, -0.2377773, -0.16870818, 1.2896988, -0.017729595)
bone_name = "DEF-shoulder.R"
bone_idx = 27

[node name="HitboxRightArm" type="Area3D" parent="rig_001/Skeleton3D/HitboxAttachRightUpperArm" index="0" unique_id=2080401500]
collision_layer = 2
collision_mask = 4

[node name="CollisionShape3D" type="CollisionShape3D" parent="rig_001/Skeleton3D/HitboxAttachRightUpperArm/HitboxRightArm" index="0" unique_id=206497425]
transform = Transform3D(1, -1.6092887e-06, -2.3395107e-06, 1.6093268e-06, 1, 1.6279522e-05, 2.3394846e-06, -1.6279526e-05, 1, 8.940697e-08, 0.10868561, -9.536743e-07)
shape = SubResource("CapsuleShape3D_if1kg")

[node name="HitboxZone" type="Node" parent="rig_001/Skeleton3D/HitboxAttachRightUpperArm/HitboxRightArm" index="1" unique_id=133571592]
script = ExtResource("2_bnhrn")
zone_name = "right_arm"
base_damage = 3

[node name="HitboxAttachLeftForeArm" type="BoneAttachment3D" parent="rig_001/Skeleton3D" index="22" unique_id=1012028412]
transform = Transform3D(-0.8736279, 0.02125331, -0.48612988, -0.20290314, -0.92395663, 0.32424432, -0.44227192, 0.38190588, 0.81150687, 0.24866965, 0.96205723, -0.12307948)
bone_name = "DEF-forearm.L.001"
bone_idx = 25

[node name="HitboxLeftArm" type="Area3D" parent="rig_001/Skeleton3D/HitboxAttachLeftForeArm" index="0" unique_id=116977318]
collision_layer = 2
collision_mask = 4

[node name="CollisionShape3D" type="CollisionShape3D" parent="rig_001/Skeleton3D/HitboxAttachLeftForeArm/HitboxLeftArm" index="0" unique_id=161971513]
transform = Transform3D(1, 3.0733652e-08, -8.9303675e-15, -3.0733652e-08, 1, -2.905731e-07, -5.0821977e-21, 2.905731e-07, 1, 2.3841858e-07, -0.034894984, -4.172325e-07)
shape = SubResource("CapsuleShape3D_c0qx7")

[node name="HitboxZone" type="Node" parent="rig_001/Skeleton3D/HitboxAttachLeftForeArm/HitboxLeftArm" index="1" unique_id=1424224604]
script = ExtResource("2_bnhrn")
zone_name = "left_arm"

[node name="HitboxAttachLeftHand" type="BoneAttachment3D" parent="rig_001/Skeleton3D" index="23" unique_id=2038648462]
transform = Transform3D(-0.8604438, -0.1572865, -0.48466185, -0.08692261, -0.891915, 0.44376993, -0.5020765, 0.42396688, 0.75377125, 0.25089806, 0.8651796, -0.08303625)
bone_name = "DEF-hand.L"
bone_idx = 26

[node name="HitboxLeftHand" type="Area3D" parent="rig_001/Skeleton3D/HitboxAttachLeftHand" index="0" unique_id=180617104]
collision_layer = 2
collision_mask = 4

[node name="CollisionShape3D" type="CollisionShape3D" parent="rig_001/Skeleton3D/HitboxAttachLeftHand/HitboxLeftHand" index="0" unique_id=719339786]
transform = Transform3D(0.98108923, -0.19322237, -0.01136158, 0.19296278, 0.9718027, 0.13551734, -0.015143769, -0.13514696, 0.99070984, -0.014081597, 0.070249274, -0.009748161)
shape = SubResource("CapsuleShape3D_mpebe")

[node name="HitboxZone" type="Node" parent="rig_001/Skeleton3D/HitboxAttachLeftHand/HitboxLeftHand" index="1" unique_id=413708028]
script = ExtResource("2_bnhrn")
zone_name = "left_arm"

[node name="HitboxAttachLeftUpperArm" type="BoneAttachment3D" parent="rig_001/Skeleton3D" index="24" unique_id=2085671135]
transform = Transform3D(0.22742894, 0.28736556, 0.9304284, -0.5355576, -0.76108027, 0.36597082, 0.81329817, -0.58153033, -0.019190906, 0.16870818, 1.2896988, -0.017729597)
bone_name = "DEF-shoulder.L"
bone_idx = 21

[node name="HitboxLeftArm" type="Area3D" parent="rig_001/Skeleton3D/HitboxAttachLeftUpperArm" index="0" unique_id=690016286]
collision_layer = 2
collision_mask = 4

[node name="CollisionShape3D" type="CollisionShape3D" parent="rig_001/Skeleton3D/HitboxAttachLeftUpperArm/HitboxLeftArm" index="0" unique_id=1138611587]
transform = Transform3D(1, -6.5266986e-06, -3.1292177e-07, 6.5266986e-06, 1, -3.2223784e-07, 3.1292387e-07, 3.222358e-07, 1, -1.1920929e-07, 0.09139395, 2.3841858e-07)
shape = SubResource("CapsuleShape3D_bnhrn")

[node name="HitboxZone" type="Node" parent="rig_001/Skeleton3D/HitboxAttachLeftUpperArm/HitboxLeftArm" index="1" unique_id=76515179]
script = ExtResource("2_bnhrn")
zone_name = "left_arm"

[node name="HitboxAttachLeftThigh" type="BoneAttachment3D" parent="rig_001/Skeleton3D" index="25" unique_id=1952756321]
transform = Transform3D(0.96949774, 0.18716197, -0.1679529, 0.10501884, -0.9028835, -0.41064543, -0.22930719, 0.37780464, -0.8981641, 0.112715766, 0.6398756, 0.014387101)
bone_name = "DEF-thigh.L.001"
bone_idx = 10

[node name="HitboxLeftThigh" type="Area3D" parent="rig_001/Skeleton3D/HitboxAttachLeftThigh" index="0" unique_id=1712311608]
collision_layer = 2
collision_mask = 4

[node name="CollisionShape3D" type="CollisionShape3D" parent="rig_001/Skeleton3D/HitboxAttachLeftThigh/HitboxLeftThigh" index="0" unique_id=652191664]
transform = Transform3D(0.99923795, -0.032975696, -0.02088625, 0.029291978, 0.9871421, -0.15713888, 0.025799459, 0.15640734, 0.9873557, -0.008022204, -0.00986734, -0.0130032)
shape = SubResource("CapsuleShape3D_vpt1t")

[node name="HitboxZone" type="Node" parent="rig_001/Skeleton3D/HitboxAttachLeftThigh/HitboxLeftThigh" index="1" unique_id=698037140]
script = ExtResource("2_bnhrn")
zone_name = "foot"

[node name="HitboxAttachLeftShin" type="BoneAttachment3D" parent="rig_001/Skeleton3D" index="26" unique_id=1686875359]
transform = Transform3D(0.9689261, 0.1231442, -0.22141689, 0.103643976, -0.9862932, -0.10347806, -0.2318945, 0.07372252, -0.97139657, 0.17673345, 0.24682587, 0.10606693)
bone_name = "DEF-shin.L.001"
bone_idx = 12

[node name="HitboxLeftShin" type="Area3D" parent="rig_001/Skeleton3D/HitboxAttachLeftShin" index="0" unique_id=1413230357]
collision_layer = 2
collision_mask = 4

[node name="CollisionShape3D" type="CollisionShape3D" parent="rig_001/Skeleton3D/HitboxAttachLeftShin/HitboxLeftShin" index="0" unique_id=2117827460]
transform = Transform3D(1, 2.46015e-07, -5.9603835e-08, -2.460148e-07, 1, 3.2359094e-06, 5.960463e-08, -3.2359094e-06, 1, 1.4901161e-08, -0.016828224, -1.7881393e-07)
shape = SubResource("CapsuleShape3D_qof7f")

[node name="HitboxZone" type="Node" parent="rig_001/Skeleton3D/HitboxAttachLeftShin/HitboxLeftShin" index="1" unique_id=381063157]
script = ExtResource("2_bnhrn")
zone_name = "foot"
base_damage = 2

[node name="HitboxAttachRightShin" type="BoneAttachment3D" parent="rig_001/Skeleton3D" index="27" unique_id=1777576202]
transform = Transform3D(0.97152084, -0.11445297, 0.22538954, -0.22065175, -0.81770635, 0.5135884, 0.12680566, -0.54897493, -0.83318627, -0.17818677, 0.25632086, -0.20519815)
bone_name = "DEF-shin.R.001"
bone_idx = 18

[node name="HitboxRightShin" type="Area3D" parent="rig_001/Skeleton3D/HitboxAttachRightShin" index="0" unique_id=336856980]
collision_layer = 2
collision_mask = 4

[node name="CollisionShape3D" type="CollisionShape3D" parent="rig_001/Skeleton3D/HitboxAttachRightShin/HitboxRightShin" index="0" unique_id=1019735599]
transform = Transform3D(1, 2.46015e-07, -5.9603835e-08, -2.460148e-07, 1, 3.2359094e-06, 5.960463e-08, -3.2359094e-06, 1, 1.4901161e-08, -0.016828224, -1.7881393e-07)
shape = SubResource("CapsuleShape3D_87tvm")

[node name="HitboxZone" type="Node" parent="rig_001/Skeleton3D/HitboxAttachRightShin/HitboxRightShin" index="1" unique_id=1442578211]
script = ExtResource("2_bnhrn")
zone_name = "foot"
base_damage = 2

[node name="HitboxAttachRightThigh" type="BoneAttachment3D" parent="rig_001/Skeleton3D" index="28" unique_id=747430121]
transform = Transform3D(0.96802795, -0.19542933, 0.18102595, -0.20653585, -0.9693927, 0.02911349, 0.17133936, -0.06439474, -0.98766094, -0.114375554, 0.62652314, -0.0743907)
bone_name = "DEF-thigh.R.001"
bone_idx = 16

[node name="HitboxRightThigh" type="Area3D" parent="rig_001/Skeleton3D/HitboxAttachRightThigh" index="0" unique_id=864676159]
collision_layer = 2
collision_mask = 4

[node name="CollisionShape3D" type="CollisionShape3D" parent="rig_001/Skeleton3D/HitboxAttachRightThigh/HitboxRightThigh" index="0" unique_id=151401403]
transform = Transform3D(0.9990654, 0.0001496519, -0.043223284, -0.0059535587, 0.9909391, -0.13417996, 0.042811565, 0.1343119, 0.99001384, 0.0004721582, -0.031942368, -0.007198423)
shape = SubResource("CapsuleShape3D_7qy5o")

[node name="HitboxZone" type="Node" parent="rig_001/Skeleton3D/HitboxAttachRightThigh/HitboxRightThigh" index="1" unique_id=1534556595]
script = ExtResource("2_bnhrn")
zone_name = "foot"

[node name="HitboxAttachWaist" type="BoneAttachment3D" parent="rig_001/Skeleton3D" index="29" unique_id=889463265]
transform = Transform3D(1, 3.463896e-14, 2.3841851e-07, 4.368986e-08, 0.9830663, -0.1832487, -2.3438132e-07, 0.18324868, 0.98306644, -2.1085486e-10, 1.0118167, -0.016527358)
bone_name = "DEF-spine.001"
bone_idx = 1

[node name="HitboxWaist" type="Area3D" parent="rig_001/Skeleton3D/HitboxAttachWaist" index="0" unique_id=1323472362]
collision_layer = 2
collision_mask = 4

[node name="CollisionShape3D" type="CollisionShape3D" parent="rig_001/Skeleton3D/HitboxAttachWaist/HitboxWaist" index="0" unique_id=136977158]
transform = Transform3D(1, 5.555019e-08, 2.0196533e-09, -5.508088e-08, 0.9853514, 0.1705365, 7.483267e-09, -0.1705365, 0.9853514, -0.0021271459, 0.08054674, -0.022521362)
shape = SubResource("BoxShape3D_isfon")

[node name="HitboxZone" type="Node" parent="rig_001/Skeleton3D/HitboxAttachWaist/HitboxWaist" index="1" unique_id=1323583944]
script = ExtResource("2_bnhrn")

[node name="HitboxAttachChest" type="BoneAttachment3D" parent="rig_001/Skeleton3D" index="30" unique_id=1545642197]
transform = Transform3D(1, 7.5051076e-14, 2.3841856e-07, -4.7906784e-08, 0.97960424, 0.20093551, -2.3355582e-07, -0.20093551, 0.9796044, 7.1006823e-09, 1.2414007, -0.004926698)
bone_name = "DEF-spine.003"
bone_idx = 3

[node name="HitboxChest" type="Area3D" parent="rig_001/Skeleton3D/HitboxAttachChest" index="0" unique_id=919464083]
collision_layer = 2
collision_mask = 4

[node name="CollisionShape3D" type="CollisionShape3D" parent="rig_001/Skeleton3D/HitboxAttachChest/HitboxChest" index="0" unique_id=1134875331]
transform = Transform3D(1, -1.9615885e-07, 2.2644689e-07, 1.4045403e-07, -0.36068016, -0.93268955, 2.6463024e-07, 0.93268955, -0.36068016, -1.9024592e-05, 0.03582406, -0.012703091)
shape = SubResource("BoxShape3D_r4aki")

[node name="HitboxZone" type="Node" parent="rig_001/Skeleton3D/HitboxAttachChest/HitboxChest" index="1" unique_id=1509373254]
script = ExtResource("2_bnhrn")

[node name="HitboxAttachPelvis" type="BoneAttachment3D" parent="rig_001/Skeleton3D" index="31" unique_id=1616859410]
transform = Transform3D(1, 4.0856207e-14, 2.3841854e-07, 5.209167e-08, 0.9758395, -0.21848851, -2.3265825e-07, 0.21848851, 0.9758395, -2.1085714e-10, 0.9016098, -0.041202478)
bone_name = "DEF-spine"
bone_idx = 0

[node name="HitboxPelvis" type="Area3D" parent="rig_001/Skeleton3D/HitboxAttachPelvis" index="0" unique_id=181850101]
collision_layer = 2
collision_mask = 4

[node name="CollisionShape3D" type="CollisionShape3D" parent="rig_001/Skeleton3D/HitboxAttachPelvis/HitboxPelvis" index="0" unique_id=1584050123]
transform = Transform3D(1, 8.7548756e-08, -3.8268775e-15, 0, -4.371139e-08, -1, -8.7548756e-08, 1, -4.371139e-08, 8.617218e-09, 0.028584003, 0.016214788)
shape = SubResource("BoxShape3D_bnhrn")

[node name="HitboxZone" type="Node" parent="rig_001/Skeleton3D/HitboxAttachPelvis/HitboxPelvis" index="1" unique_id=96601982]
script = ExtResource("2_bnhrn")

[node name="AnimationPlayer" parent="." index="162" unique_id=1681998433]
"libraries/Left Foot" = SubResource("AnimationLibrary_dhc5f")
"libraries/Right Foot" = SubResource("AnimationLibrary_qof7f")
