[gd_scene format=3 uid="uid://bd7pagsi67ay5"]

[ext_resource type="PackedScene" uid="uid://dm3rgmlareuxk" path="res://models/enemies/All zombie fix.glb" id="1_e035i"]
[ext_resource type="Script" uid="uid://rk4yb4oq18ft" path="res://scripts/enemy/hitbox_zone.gd" id="2_bnhrn"]

[sub_resource type="SphereShape3D" id="SphereShape3D_dhc5f"]
radius = 0.17520592

[sub_resource type="BoxShape3D" id="BoxShape3D_qof7f"]
size = Vector3(0.19885254, 0.40382385, 0.16925049)

[sub_resource type="BoxShape3D" id="BoxShape3D_dhc5f"]
size = Vector3(0.19885254, 0.40382385, 0.16925049)

[sub_resource type="CapsuleShape3D" id="CapsuleShape3D_t8m5d"]
radius = 0.080566406
height = 0.30282497

[sub_resource type="CapsuleShape3D" id="CapsuleShape3D_locf5"]
radius = 0.123535156
height = 0.24707031

[sub_resource type="CapsuleShape3D" id="CapsuleShape3D_dhc5f"]
radius = 0.123535156
height = 0.24707031

[sub_resource type="CapsuleShape3D" id="CapsuleShape3D_if1kg"]
radius = 0.080566406
height = 0.40585232

[sub_resource type="CapsuleShape3D" id="CapsuleShape3D_c0qx7"]
radius = 0.080566406
height = 0.29012966

[sub_resource type="CapsuleShape3D" id="CapsuleShape3D_isfon"]
radius = 0.10498047
height = 0.26757813

[sub_resource type="CapsuleShape3D" id="CapsuleShape3D_mpebe"]
radius = 0.10498047
height = 0.26757813

[sub_resource type="CapsuleShape3D" id="CapsuleShape3D_bnhrn"]
radius = 0.080566406
height = 0.38725233

[sub_resource type="CapsuleShape3D" id="CapsuleShape3D_vpt1t"]
radius = 0.09082031
height = 0.5391078

[sub_resource type="CapsuleShape3D" id="CapsuleShape3D_qof7f"]
radius = 0.07763672
height = 0.49423122

[sub_resource type="CapsuleShape3D" id="CapsuleShape3D_87tvm"]
radius = 0.07763672
height = 0.49423122

[sub_resource type="CapsuleShape3D" id="CapsuleShape3D_7qy5o"]
radius = 0.09082031
height = 0.5391078

[sub_resource type="BoxShape3D" id="BoxShape3D_isfon"]
size = Vector3(0.20745182, 0.17785561, 0.18688202)

[sub_resource type="BoxShape3D" id="BoxShape3D_r4aki"]
size = Vector3(0.310524, 0.22752942, 0.2316513)

[sub_resource type="BoxShape3D" id="BoxShape3D_bnhrn"]
size = Vector3(0.30628967, 0.17455387, 0.17154694)

[sub_resource type="AnimationLibrary" id="AnimationLibrary_dhc5f"]

[sub_resource type="AnimationLibrary" id="AnimationLibrary_qof7f"]

[node name="All zombie fix" unique_id=867409154 instance=ExtResource("1_e035i")]
transform = Transform3D(-1, 0, -8.742278e-08, 0, 1, 0, 8.742278e-08, 0, -1, 0, 0, 0)

[node name="Skeleton3D" parent="rig_001" parent_id_path=PackedInt32Array(1804184091) index="0" unique_id=858999214]
bones/0/position = Vector3(0.009027489, 0.9009657, -0.036315873)
bones/0/rotation = Quaternion(0.094194576, -0.21142262, 0.018872121, 0.97266227)
bones/0/scale = Vector3(1.0000001, 1.0000001, 1.0000002)
bones/1/rotation = Quaternion(-0.011367937, -0.0006215581, -0.034550052, 0.99933815)
bones/1/scale = Vector3(1, 0.99999946, 0.9999998)
bones/2/rotation = Quaternion(-0.10570034, 0.1972312, 0.021394918, 0.97440726)
bones/2/scale = Vector3(1, 1, 1)
bones/3/rotation = Quaternion(-0.0918932, 0.093621075, -0.06023625, 0.98952633)
bones/3/scale = Vector3(0.9999999, 1.0000004, 0.99999994)
bones/4/rotation = Quaternion(0.68111646, -0.018446745, 0.052609615, 0.7300495)
bones/5/rotation = Quaternion(-0.4863318, -0.0057104304, 0.0031781676, 0.8737498)
bones/6/rotation = Quaternion(-0.1030804, -0.044856675, 0.04480865, 0.9926503)
bones/7/position = Vector3(0.008126398, 0.88479865, -0.028534591)
bones/7/rotation = Quaternion(-0.065440975, -0.7995678, -0.4787383, 0.35667688)
bones/7/scale = Vector3(1.0000002, 1.0000001, 1)
bones/8/position = Vector3(0.0036524555, 0.88481396, -0.030574353)
bones/8/rotation = Quaternion(-0.25565177, 0.5797575, 0.40733895, 0.65772223)
bones/8/scale = Vector3(1.0000002, 1.0000002, 1.0000001)
bones/9/position = Vector3(0.08463867, 0.8197313, -0.021637049)
bones/9/rotation = Quaternion(0.9688918, -0.049050763, 0.112768896, 0.21476929)
bones/9/scale = Vector3(1.0011413, 0.99772125, 1.0011413)
bones/10/rotation = Quaternion(-2.4062925e-09, -0.0039943447, 9.816465e-09, 0.999992)
bones/11/rotation = Quaternion(0.14322202, -0.00399376, 0.0005763389, 0.9896824)
bones/11/scale = Vector3(0.99993306, 0.9998578, 1.0002093)
bones/12/rotation = Quaternion(-2.3341608e-08, -0.054092288, 5.1851017e-11, 0.99853593)
bones/13/rotation = Quaternion(-0.61866546, -0.0059044883, -0.056985855, 0.78356296)
bones/13/scale = Vector3(0.99904174, 0.99889684, 1.0020746)
bones/14/rotation = Quaternion(-0.06857329, 0.9955923, -0.0638273, -0.0044665365)
bones/14/scale = Vector3(0.9999157, 1.0001802, 0.99989355)
bones/15/position = Vector3(-0.052100033, 0.8201998, -0.08397967)
bones/15/rotation = Quaternion(0.9317007, -0.029364683, 0.33582655, -0.1352483)
bones/15/scale = Vector3(1.0010589, 0.9978855, 1.0010589)
bones/16/rotation = Quaternion(5.6067337e-09, -0.032136828, 1.4890354e-08, 0.9994835)
bones/17/rotation = Quaternion(0.14071886, -0.032131545, 0.004557424, 0.98951757)
bones/17/scale = Vector3(0.9999388, 0.99987584, 1.0001866)
bones/18/rotation = Quaternion(2.1559131e-08, -0.03471161, -3.932489e-08, 0.9993974)
bones/18/scale = Vector3(1.0000001, 0.99999994, 1.0000085)
bones/19/rotation = Quaternion(-0.80974895, -0.07737278, -0.04932945, 0.5795574)
bones/19/scale = Vector3(0.9989706, 0.99938834, 1.0016527)
bones/20/rotation = Quaternion(0.06855362, 0.99559385, -0.063823186, 0.004467757)
bones/20/scale = Vector3(1.0000494, 0.9999114, 1.0000284)
bones/21/position = Vector3(0.1734003, 1.2792708, -0.112785965)
bones/21/rotation = Quaternion(0.951367, -0.17103042, 0.14797382, -0.20917305)
bones/22/position = Vector3(0.14028457, 1.1175442, -0.18539351)
bones/22/rotation = Quaternion(-0.2186697, 0.2267503, -0.9464936, -0.0701281)
bones/23/rotation = Quaternion(-4.3477888e-07, 0.03846526, -2.579354e-07, 0.99926)
bones/24/rotation = Quaternion(0.12198805, 0.03846505, 0.05624533, 0.99018985)
bones/25/rotation = Quaternion(6.903162e-08, 0.051723413, -1.48874415e-08, 0.99866146)
bones/26/rotation = Quaternion(0.101389654, 0.05606352, -0.06453478, 0.9911672)
bones/27/position = Vector3(-0.16017962, 1.3131177, 0.0061038006)
bones/27/rotation = Quaternion(0.66709393, -0.366479, -0.58391964, -0.28234157)
bones/28/position = Vector3(-0.30518878, 1.209452, 0.033485956)
bones/28/rotation = Quaternion(0.30879515, -0.096173465, 0.8387508, 0.43805647)
bones/29/rotation = Quaternion(-7.431423e-07, -0.0962904, -7.947863e-07, 0.9953533)
bones/30/rotation = Quaternion(0.44840848, -0.09629016, 0.5200797, 0.7205381)
bones/31/rotation = Quaternion(-3.8179103e-08, 0.014829447, -5.0324395e-08, 0.99989)
bones/32/rotation = Quaternion(0.26357982, 0.010635316, 0.2800275, 0.92303693)
bones/33/position = Vector3(0.055267435, 1.2678968, -0.048934475)
bones/33/rotation = Quaternion(0.10271248, 0.70793635, 0.6987631, -0.0025314242)
bones/34/position = Vector3(-0.055746738, 1.2839884, -0.03224904)
bones/34/rotation = Quaternion(0.10271241, 0.7079363, 0.69876325, -0.0025315175)

[node name="HitboxAttachHead" type="BoneAttachment3D" parent="rig_001/Skeleton3D" index="16" unique_id=1471523219]
transform = Transform3D(0.9985864, -0.002289405, -0.053101175, -0.0008995626, 0.9982007, -0.05995561, 0.05314296, 0.05991839, 0.9967876, 0.02200666, 1.429904, 0.0067916643)
bone_name = "DEF-spine.006"
bone_idx = 6

[node name="HitboxHead" type="Area3D" parent="rig_001/Skeleton3D/HitboxAttachHead" index="0" unique_id=1799077663]
collision_layer = 2
collision_mask = 4

[node name="CollisionShape3D" type="CollisionShape3D" parent="rig_001/Skeleton3D/HitboxAttachHead/HitboxHead" index="0" unique_id=1793753342]
transform = Transform3D(1, -1.0164395e-20, 0, 7.1150755e-20, 1, 0, 0, -1.9895197e-13, 1, -4.0925596e-14, 0.13578784, -0.020606514)
shape = SubResource("SphereShape3D_dhc5f")

[node name="HitboxZone" type="Node" parent="rig_001/Skeleton3D/HitboxAttachHead/HitboxHead" index="1" unique_id=2003495464]
script = ExtResource("2_bnhrn")
zone_name = "head"
base_damage = 10

[node name="HitboxAttachLeftFoot" type="BoneAttachment3D" parent="rig_001/Skeleton3D" index="17" unique_id=158510859]
transform = Transform3D(0.99962896, -0.02909495, 0.0031276047, -0.00039110705, -0.08842431, -0.9963504, 0.02953887, 0.9950572, -0.09150706, -0.00963149, 0.03507407, 0.19911145)
bone_name = "DEF-foot.L"
bone_idx = 13

[node name="HitboxLeftFoot" type="Area3D" parent="rig_001/Skeleton3D/HitboxAttachLeftFoot" index="0" unique_id=800396227]
collision_layer = 2
collision_mask = 4

[node name="CollisionShape3D" type="CollisionShape3D" parent="rig_001/Skeleton3D/HitboxAttachLeftFoot/HitboxLeftFoot" index="0" unique_id=1692041369]
transform = Transform3D(1, 2.7939884e-09, 1.22237e-09, -2.7939884e-09, 1, -4.4703814e-08, -1.2223701e-09, 4.4703814e-08, 1, -0.015807942, 0.11304459, -3.7252903e-09)
shape = SubResource("BoxShape3D_qof7f")

[node name="HitboxZone" type="Node" parent="rig_001/Skeleton3D/HitboxAttachLeftFoot/HitboxLeftFoot" index="1" unique_id=1439883841]
script = ExtResource("2_bnhrn")
zone_name = "foot"
base_damage = 2

[node name="HitboxAttachRightFoot" type="BoneAttachment3D" parent="rig_001/Skeleton3D" index="18" unique_id=1295094372]
transform = Transform3D(0.952245, -0.30474904, 0.022054598, -0.048571937, -0.22321749, -0.9731613, 0.30138528, 0.92654043, -0.22665961, 0.040624198, 0.068982124, -0.4019044)
bone_name = "DEF-foot.R"
bone_idx = 19

[node name="HitboxRightFoot" type="Area3D" parent="rig_001/Skeleton3D/HitboxAttachRightFoot" index="0" unique_id=154506703]
collision_layer = 2
collision_mask = 4

[node name="CollisionShape3D" type="CollisionShape3D" parent="rig_001/Skeleton3D/HitboxAttachRightFoot/HitboxRightFoot" index="0" unique_id=1007857737]
transform = Transform3D(1, 4.8572284e-16, -9.313226e-10, 0, 1, 5.215409e-07, 9.313226e-10, -5.215409e-07, 1, 0.0147704035, 0.128723, -0.031158688)
shape = SubResource("BoxShape3D_dhc5f")

[node name="HitboxZone" type="Node" parent="rig_001/Skeleton3D/HitboxAttachRightFoot/HitboxRightFoot" index="1" unique_id=1368614239]
script = ExtResource("2_bnhrn")
zone_name = "foot"
base_damage = 2

[node name="HitboxAttachRightForeArm" type="BoneAttachment3D" parent="rig_001/Skeleton3D" index="19" unique_id=1031889170]
transform = Transform3D(-0.38990295, 0.5113556, 0.76582706, -0.48482803, -0.8210415, 0.30138424, 0.7828903, -0.25378394, 0.568046, -0.3336521, 1.061595, 0.01816237)
bone_name = "DEF-forearm.R.001"
bone_idx = 31

[node name="HitboxRightArm" type="Area3D" parent="rig_001/Skeleton3D/HitboxAttachRightForeArm" index="0" unique_id=1375651829]
collision_layer = 2
collision_mask = 4

[node name="CollisionShape3D" type="CollisionShape3D" parent="rig_001/Skeleton3D/HitboxAttachRightForeArm/HitboxRightArm" index="0" unique_id=2141598236]
transform = Transform3D(1, -1.6670315e-06, -2.4140184e-06, 1.66707e-06, 1, 1.594983e-05, 2.4139918e-06, -1.5949834e-05, 1, 1.1920929e-07, -0.013810042, 7.1525574e-07)
shape = SubResource("CapsuleShape3D_t8m5d")

[node name="HitboxZone" type="Node" parent="rig_001/Skeleton3D/HitboxAttachRightForeArm/HitboxRightArm" index="1" unique_id=170373179]
script = ExtResource("2_bnhrn")
zone_name = "right_arm"
base_damage = 3

[node name="HitboxAttachRightHand" type="BoneAttachment3D" parent="rig_001/Skeleton3D" index="20" unique_id=1174242151]
transform = Transform3D(0.03656184, 0.9366856, 0.3482573, -0.79915136, -0.18183492, 0.5729688, 0.60001683, -0.2992591, 0.74190545, -0.2800359, 0.97550786, -0.008447189)
bone_name = "DEF-hand.R"
bone_idx = 32

[node name="HitboxRightHand" type="Area3D" parent="rig_001/Skeleton3D/HitboxAttachRightHand" index="0" unique_id=525467876]
collision_layer = 2
collision_mask = 4

[node name="CollisionShape3D" type="CollisionShape3D" parent="rig_001/Skeleton3D/HitboxAttachRightHand/HitboxRightHand" index="0" unique_id=971953859]
transform = Transform3D(0.97929996, 0.20202643, 0.012530467, -0.20174213, 0.9691321, 0.14171484, 0.016486466, -0.14130926, 0.9898282, 0.009399533, 0.074212424, -0.0065079927)
shape = SubResource("CapsuleShape3D_locf5")

[node name="HitboxZone" type="Node" parent="rig_001/Skeleton3D/HitboxAttachRightHand/HitboxRightHand" index="1" unique_id=172920463]
script = ExtResource("2_bnhrn")
zone_name = "right_arm"
base_damage = 3

[node name="AttackHitbox" type="Area3D" parent="rig_001/Skeleton3D/HitboxAttachRightHand" index="1" unique_id=1765047115]
monitoring = false
monitorable = false

[node name="CollisionShape3D" type="CollisionShape3D" parent="rig_001/Skeleton3D/HitboxAttachRightHand/AttackHitbox" index="0" unique_id=384214826]
transform = Transform3D(0.97929996, 0.20202643, 0.012530467, -0.20174213, 0.9691321, 0.14171484, 0.016486466, -0.14130926, 0.9898282, 0.009399533, 0.074212424, -0.0065079927)
shape = SubResource("CapsuleShape3D_dhc5f")
debug_color = Color(0.9254902, 0.101960786, 0.0627451, 0.41960785)

[node name="HitboxAttachRightUpperArm" type="BoneAttachment3D" parent="rig_001/Skeleton3D" index="21" unique_id=124618306]
transform = Transform3D(0.049462065, -0.81868124, -0.57211375, -0.1592222, -0.57195276, 0.80468506, -0.9860026, 0.051291846, -0.15864225, -0.16017962, 1.3131177, 0.0061038006)
bone_name = "DEF-shoulder.R"
bone_idx = 27

[node name="HitboxRightArm" type="Area3D" parent="rig_001/Skeleton3D/HitboxAttachRightUpperArm" index="0" unique_id=2080401500]
collision_layer = 2
collision_mask = 4

[node name="CollisionShape3D" type="CollisionShape3D" parent="rig_001/Skeleton3D/HitboxAttachRightUpperArm/HitboxRightArm" index="0" unique_id=206497425]
transform = Transform3D(1, -1.6092887e-06, -2.3395107e-06, 1.6093268e-06, 1, 1.6279522e-05, 2.3394846e-06, -1.6279526e-05, 1, 8.940697e-08, 0.10868561, -9.536743e-07)
shape = SubResource("CapsuleShape3D_if1kg")

[node name="HitboxZone" type="Node" parent="rig_001/Skeleton3D/HitboxAttachRightUpperArm/HitboxRightArm" index="1" unique_id=133571592]
script = ExtResource("2_bnhrn")
zone_name = "right_arm"
base_damage = 3

[node name="HitboxAttachLeftForeArm" type="BoneAttachment3D" parent="rig_001/Skeleton3D" index="22" unique_id=1012028412]
transform = Transform3D(-0.98340666, -0.05279598, 0.17356129, 0.012744082, -0.97445685, -0.22421311, 0.18096551, -0.21828094, 0.9589603, 0.11078145, 0.9236709, -0.2494698)
bone_name = "DEF-forearm.L.001"
bone_idx = 25

[node name="HitboxLeftArm" type="Area3D" parent="rig_001/Skeleton3D/HitboxAttachLeftForeArm" index="0" unique_id=116977318]
collision_layer = 2
collision_mask = 4

[node name="CollisionShape3D" type="CollisionShape3D" parent="rig_001/Skeleton3D/HitboxAttachLeftForeArm/HitboxLeftArm" index="0" unique_id=161971513]
transform = Transform3D(1, 3.0733652e-08, -8.9303675e-15, -3.0733652e-08, 1, -2.905731e-07, -5.0821977e-21, 2.905731e-07, 1, 2.3841858e-07, -0.034894984, -4.172325e-07)
shape = SubResource("CapsuleShape3D_c0qx7")

[node name="HitboxZone" type="Node" parent="rig_001/Skeleton3D/HitboxAttachLeftForeArm/HitboxLeftArm" index="1" unique_id=1424224604]
script = ExtResource("2_bnhrn")
zone_name = "left_arm"

[node name="HitboxAttachLeftHand" type="BoneAttachment3D" parent="rig_001/Skeleton3D" index="23" unique_id=2038648462]
transform = Transform3D(-0.9844398, -0.15462945, 0.08347195, 0.15399387, -0.98797196, -0.014038771, 0.08463874, -0.0009662956, 0.99641114, 0.10524578, 0.8214982, -0.2723567)
bone_name = "DEF-hand.L"
bone_idx = 26

[node name="HitboxLeftHand" type="Area3D" parent="rig_001/Skeleton3D/HitboxAttachLeftHand" index="0" unique_id=180617104]
collision_layer = 2
collision_mask = 4

[node name="CollisionShape3D" type="CollisionShape3D" parent="rig_001/Skeleton3D/HitboxAttachLeftHand/HitboxLeftHand" index="0" unique_id=719339786]
transform = Transform3D(0.98108923, -0.19322237, -0.01136158, 0.19296278, 0.9718027, 0.13551734, -0.015143769, -0.13514696, 0.99070984, -0.014081597, 0.070249274, -0.009748161)
shape = SubResource("CapsuleShape3D_isfon")

[node name="HitboxZone" type="Node" parent="rig_001/Skeleton3D/HitboxAttachLeftHand/HitboxLeftHand" index="1" unique_id=413708028]
script = ExtResource("2_bnhrn")
zone_name = "left_arm"

[node name="AttackHitbox" type="Area3D" parent="rig_001/Skeleton3D/HitboxAttachLeftHand" index="1" unique_id=1799564037]
monitoring = false
monitorable = false

[node name="CollisionShape3D" type="CollisionShape3D" parent="rig_001/Skeleton3D/HitboxAttachLeftHand/AttackHitbox" index="0" unique_id=811769937]
transform = Transform3D(0.98108923, -0.19322237, -0.01136158, 0.19296278, 0.9718027, 0.13551734, -0.015143769, -0.13514696, 0.99070984, -0.014081597, 0.070249274, -0.009748161)
shape = SubResource("CapsuleShape3D_mpebe")
debug_color = Color(0.9490196, 0.16862746, 0.15686275, 0.41960785)

[node name="HitboxAttachLeftUpperArm" type="BoneAttachment3D" parent="rig_001/Skeleton3D" index="24" unique_id=2085671135]
transform = Transform3D(0.8977046, -0.263521, 0.35310462, -0.3873295, -0.85399026, 0.34738454, 0.21000484, -0.44861653, -0.8687007, 0.1734003, 1.2792708, -0.112785965)
bone_name = "DEF-shoulder.L"
bone_idx = 21

[node name="HitboxLeftArm" type="Area3D" parent="rig_001/Skeleton3D/HitboxAttachLeftUpperArm" index="0" unique_id=690016286]
collision_layer = 2
collision_mask = 4

[node name="CollisionShape3D" type="CollisionShape3D" parent="rig_001/Skeleton3D/HitboxAttachLeftUpperArm/HitboxLeftArm" index="0" unique_id=1138611587]
transform = Transform3D(1, -6.5266986e-06, -3.1292177e-07, 6.5266986e-06, 1, -3.2223784e-07, 3.1292387e-07, 3.222358e-07, 1, -1.1920929e-07, 0.09139395, 2.3841858e-07)
shape = SubResource("CapsuleShape3D_bnhrn")

[node name="HitboxZone" type="Node" parent="rig_001/Skeleton3D/HitboxAttachLeftUpperArm/HitboxLeftArm" index="1" unique_id=76515179]
script = ExtResource("2_bnhrn")
zone_name = "left_arm"

[node name="HitboxAttachLeftThigh" type="BoneAttachment3D" parent="rig_001/Skeleton3D" index="25" unique_id=1952756321]
transform = Transform3D(0.97240955, -0.14316139, 0.18991572, -0.050079852, -0.9008788, -0.42734042, 0.23280025, 0.40419045, -0.8852097, 0.055896968, 0.638867, 0.059509914)
bone_name = "DEF-thigh.L.001"
bone_idx = 10

[node name="HitboxLeftThigh" type="Area3D" parent="rig_001/Skeleton3D/HitboxAttachLeftThigh" index="0" unique_id=1712311608]
collision_layer = 2
collision_mask = 4

[node name="CollisionShape3D" type="CollisionShape3D" parent="rig_001/Skeleton3D/HitboxAttachLeftThigh/HitboxLeftThigh" index="0" unique_id=652191664]
transform = Transform3D(0.99923795, -0.032975696, -0.02088625, 0.029291978, 0.9871421, -0.15713888, 0.025799459, 0.15640734, 0.9873557, -0.008022204, -0.00986734, -0.0130032)
shape = SubResource("CapsuleShape3D_vpt1t")

[node name="HitboxZone" type="Node" parent="rig_001/Skeleton3D/HitboxAttachLeftThigh/HitboxLeftThigh" index="1" unique_id=698037140]
script = ExtResource("2_bnhrn")
zone_name = "foot"

[node name="HitboxAttachLeftShin" type="BoneAttachment3D" parent="rig_001/Skeleton3D" index="26" unique_id=1686875359]
transform = Transform3D(0.9913966, -0.08565957, 0.10876189, -0.06984836, -0.9848093, -0.14736368, 0.120017685, 0.1361142, -0.98417926, 0.008761898, 0.24653845, 0.16988416)
bone_name = "DEF-shin.L.001"
bone_idx = 12

[node name="HitboxLeftShin" type="Area3D" parent="rig_001/Skeleton3D/HitboxAttachLeftShin" index="0" unique_id=1413230357]
collision_layer = 2
collision_mask = 4

[node name="CollisionShape3D" type="CollisionShape3D" parent="rig_001/Skeleton3D/HitboxAttachLeftShin/HitboxLeftShin" index="0" unique_id=2117827460]
transform = Transform3D(1, 2.46015e-07, -5.9603835e-08, -2.460148e-07, 1, 3.2359094e-06, 5.960463e-08, -3.2359094e-06, 1, 1.4901161e-08, -0.016828224, -1.7881393e-07)
shape = SubResource("CapsuleShape3D_qof7f")

[node name="HitboxZone" type="Node" parent="rig_001/Skeleton3D/HitboxAttachLeftShin/HitboxLeftShin" index="1" unique_id=381063157]
script = ExtResource("2_bnhrn")
zone_name = "foot"
base_damage = 2

[node name="HitboxAttachRightShin" type="BoneAttachment3D" parent="rig_001/Skeleton3D" index="27" unique_id=1777576202]
transform = Transform3D(0.8813126, 0.18221107, 0.43840382, -0.079045236, -0.85198665, 0.5138503, 0.46801364, -0.48676458, -0.7387675, 0.0014987178, 0.25192595, -0.2973833)
bone_name = "DEF-shin.R.001"
bone_idx = 18

[node name="HitboxRightShin" type="Area3D" parent="rig_001/Skeleton3D/HitboxAttachRightShin" index="0" unique_id=336856980]
collision_layer = 2
collision_mask = 4

[node name="CollisionShape3D" type="CollisionShape3D" parent="rig_001/Skeleton3D/HitboxAttachRightShin/HitboxRightShin" index="0" unique_id=1019735599]
transform = Transform3D(1, 2.46015e-07, -5.9603835e-08, -2.460148e-07, 1, 3.2359094e-06, 5.960463e-08, -3.2359094e-06, 1, 1.4901161e-08, -0.016828224, -1.7881393e-07)
shape = SubResource("CapsuleShape3D_87tvm")

[node name="HitboxZone" type="Node" parent="rig_001/Skeleton3D/HitboxAttachRightShin/HitboxRightShin" index="1" unique_id=1442578211]
script = ExtResource("2_bnhrn")
zone_name = "foot"
base_damage = 2

[node name="HitboxAttachRightThigh" type="BoneAttachment3D" parent="rig_001/Skeleton3D" index="28" unique_id=747430121]
transform = Transform3D(0.81269085, 0.036045365, 0.5833913, -0.13047254, -0.95965815, 0.24142532, 0.56976295, -0.27117026, -0.7768449, -0.0448634, 0.6275348, -0.13842094)
bone_name = "DEF-thigh.R.001"
bone_idx = 16

[node name="HitboxRightThigh" type="Area3D" parent="rig_001/Skeleton3D/HitboxAttachRightThigh" index="0" unique_id=864676159]
collision_layer = 2
collision_mask = 4

[node name="CollisionShape3D" type="CollisionShape3D" parent="rig_001/Skeleton3D/HitboxAttachRightThigh/HitboxRightThigh" index="0" unique_id=151401403]
transform = Transform3D(0.9990654, 0.0001496519, -0.043223284, -0.0059535587, 0.9909391, -0.13417996, 0.042811565, 0.1343119, 0.99001384, 0.0004721582, -0.031942368, -0.007198423)
shape = SubResource("CapsuleShape3D_7qy5o")

[node name="HitboxZone" type="Node" parent="rig_001/Skeleton3D/HitboxAttachRightThigh/HitboxRightThigh" index="1" unique_id=1534556595]
script = ExtResource("2_bnhrn")
zone_name = "foot"

[node name="HitboxAttachWaist" type="BoneAttachment3D" parent="rig_001/Skeleton3D" index="29" unique_id=889463265]
transform = Transform3D(0.91217345, -0.004248501, -0.40978256, -0.071263574, 0.98306614, -0.16882439, 0.40356082, 0.18319958, 0.8964244, 0.00038316194, 1.0118167, -0.0165229)
bone_name = "DEF-spine.001"
bone_idx = 1

[node name="HitboxWaist" type="Area3D" parent="rig_001/Skeleton3D/HitboxAttachWaist" index="0" unique_id=1323472362]
collision_layer = 2
collision_mask = 4

[node name="CollisionShape3D" type="CollisionShape3D" parent="rig_001/Skeleton3D/HitboxAttachWaist/HitboxWaist" index="0" unique_id=136977158]
transform = Transform3D(1, 5.555019e-08, 2.0196533e-09, -5.508088e-08, 0.9853514, 0.1705365, 7.483267e-09, -0.1705365, 0.9853514, -0.0021271459, 0.08054674, -0.022521362)
shape = SubResource("BoxShape3D_isfon")

[node name="HitboxZone" type="Node" parent="rig_001/Skeleton3D/HitboxAttachWaist/HitboxWaist" index="1" unique_id=1323583944]
script = ExtResource("2_bnhrn")

[node name="HitboxAttachChest" type="BoneAttachment3D" parent="rig_001/Skeleton3D" index="30" unique_id=1545642197]
transform = Transform3D(0.9788874, 0.107172176, 0.17405032, -0.14188989, 0.9692163, 0.20121366, -0.14712779, -0.22166187, 0.9639603, 0.00011419849, 1.2414007, -0.0049253483)
bone_name = "DEF-spine.003"
bone_idx = 3

[node name="HitboxChest" type="Area3D" parent="rig_001/Skeleton3D/HitboxAttachChest" index="0" unique_id=919464083]
collision_layer = 2
collision_mask = 4

[node name="CollisionShape3D" type="CollisionShape3D" parent="rig_001/Skeleton3D/HitboxAttachChest/HitboxChest" index="0" unique_id=1134875331]
transform = Transform3D(1, -1.9615885e-07, 2.2644689e-07, 1.4045403e-07, -0.36068016, -0.93268955, 2.6463024e-07, 0.93268955, -0.36068016, -1.9024592e-05, 0.03582406, -0.012703091)
shape = SubResource("BoxShape3D_r4aki")

[node name="HitboxZone" type="Node" parent="rig_001/Skeleton3D/HitboxAttachChest/HitboxChest" index="1" unique_id=1509373254]
script = ExtResource("2_bnhrn")

[node name="HitboxAttachPelvis" type="BoneAttachment3D" parent="rig_001/Skeleton3D" index="31" unique_id=1616859410]
transform = Transform3D(0.90988874, -0.07654213, -0.40773034, -0.003117327, 0.9815426, -0.19121903, 0.4148409, 0.17525902, 0.89285594, 0.009027489, 0.9009657, -0.036315873)
bone_name = "DEF-spine"
bone_idx = 0

[node name="HitboxPelvis" type="Area3D" parent="rig_001/Skeleton3D/HitboxAttachPelvis" index="0" unique_id=181850101]
collision_layer = 2
collision_mask = 4

[node name="CollisionShape3D" type="CollisionShape3D" parent="rig_001/Skeleton3D/HitboxAttachPelvis/HitboxPelvis" index="0" unique_id=1584050123]
transform = Transform3D(1, 8.7548756e-08, -3.8268775e-15, 0, -4.371139e-08, -1, -8.7548756e-08, 1, -4.371139e-08, 8.617218e-09, 0.028584003, 0.016214788)
shape = SubResource("BoxShape3D_bnhrn")

[node name="HitboxZone" type="Node" parent="rig_001/Skeleton3D/HitboxAttachPelvis/HitboxPelvis" index="1" unique_id=96601982]
script = ExtResource("2_bnhrn")

[node name="AnimationPlayer" parent="." index="162" unique_id=1453495977]
"libraries/Left Foot" = SubResource("AnimationLibrary_dhc5f")
"libraries/Right Foot" = SubResource("AnimationLibrary_qof7f")
